LCLid,year,month,morning,afternoon,evening,night,total_consumption
MAC000077,2011,12,18.962,21.968999999999998,37.372,58.519,136.822
MAC000077,2012,1,28.353999999999996,37.07599999999999,44.966,74.76400000000001,185.16
MAC000077,2012,2,27.843999999999998,28.325999999999997,48.459999999999994,77.76700000000001,182.397
MAC000077,2012,3,28.419999999999998,32.88,47.609,64.89200000000001,173.801
MAC000077,2012,4,30.22,39.443,45.86,59.429,174.952
MAC000077,2012,5,30.782999999999994,31.546,37.028999999999996,56.70000000000001,156.058
MAC000077,2012,6,28.316,28.57,34.111999999999995,47.568999999999996,138.56699999999998
MAC000077,2012,7,32.489,29.077999999999996,37.664,50.647,149.878
MAC000077,2012,8,26.818999999999996,29.362,34.524,53.34499999999999,144.04999999999998
MAC000077,2012,9,31.003999999999998,25.906999999999996,35.190999999999995,43.552000000000014,135.654
MAC000077,2012,10,32.495,21.429999999999996,39.739999999999995,59.558,153.22299999999998
MAC000077,2012,11,29.264999999999997,22.432999999999996,36.491,73.977,162.166
MAC000077,2012,12,25.685999999999996,26.378999999999998,36.742999999999995,78.134,166.94199999999998
MAC000077,2013,1,25.381999999999998,30.471999999999998,42.846,78.21300000000001,176.91299999999998
MAC000077,2013,2,26.320999999999998,26.327999999999996,46.285,67.12400000000001,166.058
MAC000077,2013,3,33.759,30.656,43.929,77.305,185.649
MAC000077,2013,4,22.352999999999998,27.907999999999998,44.126,68.56,162.947
MAC000077,2013,5,25.479999999999997,33.586999999999996,41.551,73.761,174.379
MAC000077,2013,6,22.849,34.452,43.132,80.116,180.549
MAC000077,2013,7,33.314,39.742999999999995,47.82,93.887,214.76399999999998
MAC000077,2013,8,28.527999999999995,37.55,45.153999999999996,93.612,204.844
MAC000077,2013,9,37.706999999999994,40.571,50.416,76.261,204.95499999999998
MAC000077,2013,10,40.602,45.305,56.18,54.98199999999999,197.069
MAC000077,2013,11,32.251,38.311,57.609,68.22100000000002,196.392
MAC000077,2013,12,34.714999999999996,36.854,59.528,77.20700000000001,208.304
MAC000077,2014,1,37.019999999999996,41.452,58.978,75.00500000000001,212.455
MAC000077,2014,2,30.898999999999997,37.189,49.381,61.636,179.105
MAC000653,2012,4,7.017999999999999,4.451999999999998,17.906,16.612000000000002,45.988
MAC000653,2012,5,14.334999999999997,9.556999999999999,32.079000099999995,27.631,83.6020001
MAC000653,2012,6,14.186999999999998,9.944999999999997,24.177999999999997,22.591,70.901
MAC000653,2012,7,15.736999999999997,10.241999999999997,25.336999999999996,25.684,77.0
MAC000653,2012,8,16.689999999999998,12.354999999999997,29.903,26.616999999999994,85.565
MAC000653,2012,9,11.998999999999999,7.8619999999999965,33.0709999,23.844000000000005,76.7759999
MAC000653,2012,10,13.319999999999997,11.605999999999998,63.8839998,30.133,118.9429998
MAC000653,2012,11,13.367999999999999,10.304999999999996,54.7,33.85200000000001,112.22500000000001
MAC000653,2012,12,11.206999999999997,7.323999999999998,32.8550001,28.987,80.3730001
MAC000653,2013,1,13.289999999999996,8.370999999999995,57.262,35.811,114.734
MAC000653,2013,2,10.911999999999995,8.660999999999996,51.4719998,30.485000000000003,101.5299998
MAC000653,2013,3,12.492999999999995,8.615999999999996,52.109,35.383,108.601
MAC000653,2013,4,10.401999999999996,6.219999999999997,26.118,22.801000000000002,65.541
MAC000653,2013,5,12.136999999999993,9.139999999999995,29.580000099999996,23.840999999999998,74.69800009999999
MAC000653,2013,6,11.864999999999997,7.199999999999996,31.222000199999997,22.005,72.29200019999999
MAC000653,2013,7,11.968999999999994,7.317999999999997,21.551,20.68,61.517999999999994
MAC000653,2013,8,12.796999999999997,8.063999999999998,35.272999899999995,23.899999999999995,80.0339999
MAC000653,2013,9,11.322999999999997,6.706999999999997,31.160000099999998,18.448,67.6380001
MAC000653,2013,10,10.735999999999997,6.9769999999999985,43.649000099999995,22.965000000000003,84.32700009999999
MAC000653,2013,11,12.369999999999996,7.336999999999998,63.4939999,27.245999999999995,110.4469999
MAC000653,2013,12,13.178999999999995,6.548999999999996,35.254999999999995,24.967999999999993,79.95099999999998
MAC000653,2014,1,11.702999999999994,6.530999999999996,47.283,29.423999999999996,94.94099999999999
MAC000653,2014,2,10.401999999999994,6.057999999999996,41.979,27.592,86.03099999999999
MAC000847,2012,4,5.813000000000001,6.04,6.01,7.452,25.315
MAC000847,2012,5,46.782,35.061,32.727,63.473000000000006,178.043
MAC000847,2012,6,39.474999999999994,27.964,26.828,52.28300000000001,146.55
MAC000847,2012,7,48.187,34.946,34.643,71.746,189.522
MAC000847,2012,8,50.51199999999999,40.711,35.940999999999995,73.035,200.19899999999998
MAC000847,2012,9,42.77499999999999,37.335,30.88,62.26100000000001,173.251
MAC000847,2012,10,45.644999999999996,37.598,34.277,62.46000000000001,179.98
MAC000847,2012,11,47.641999999999996,32.216,44.534,68.756,193.148
MAC000847,2012,12,50.338,36.745,47.495,69.787,204.36499999999998
MAC000847,2013,1,48.7,31.797999999999995,46.160999999999994,68.619,195.278
MAC000847,2013,2,43.153999999999996,26.967,39.589,64.604,174.314
MAC000847,2013,3,48.244,31.601,45.080999999999996,72.33500000000001,197.261
MAC000847,2013,4,51.452,34.16,36.303,67.149,189.064
MAC000847,2013,5,47.62,35.242999899999994,35.208,67.01,185.0809999
MAC000847,2013,6,53.31999999999999,34.304,31.223,67.607,186.45399999999998
MAC000847,2013,7,53.858999999999995,38.216,37.489999999999995,77.854,207.41899999999998
MAC000847,2013,8,51.114999999999995,38.123,37.141999999999996,74.39099999999999,200.771
MAC000847,2013,9,45.10099999999999,31.953999999999997,33.421,63.72400000000001,174.20000000000002
MAC000847,2013,10,53.535,40.24,39.366,72.77300000000001,205.91400000000002
MAC000847,2013,11,44.323,32.674,37.519999999999996,67.84500000000001,182.362
MAC000847,2013,12,48.053,33.370999999999995,48.727999999999994,72.75999999999999,202.91199999999998
MAC000847,2014,1,51.375,34.8209999,48.516999999999996,73.311,208.0239999
MAC000847,2014,2,25.973,19.405999999999995,29.612999999999996,36.345000000000006,111.337
MAC000879,2012,4,7.026,3.9899999999999998,8.5069999,10.797999999999996,30.320999899999997
MAC000879,2012,5,80.481,63.1710001,87.7770002,112.098,343.5270003
MAC000879,2012,6,84.802,66.16000009999999,64.9890001,100.18900000000001,316.1400002
MAC000879,2012,7,77.142,63.873999999999995,82.9059999,111.539,335.4609999
MAC000879,2012,8,76.38,56.2099997,67.128,110.89400000000002,310.6119997
MAC000879,2012,9,75.336,58.748999999999995,75.335,102.76700000000002,312.187
MAC000879,2012,10,84.447,67.281,76.665,126.592,354.98499999999996
MAC000879,2012,11,68.478,47.2979997,99.4599998,115.8130001,331.0489996
MAC000879,2012,12,94.3789998,86.40099989999999,137.4490001,141.61499999999998,459.8439998
MAC000879,2013,1,87.6869999,77.466,124.5689999,122.0750001,411.7969999
MAC000879,2013,2,66.4859999,74.44,98.4009999,96.59099999999998,335.91799979999996
MAC000879,2013,3,94.4990001,66.9980001,116.896,130.49700030000002,408.8900005
MAC000879,2013,4,105.6240002,67.4890001,88.4310001,101.41,362.9540004
MAC000879,2013,5,90.1539999,70.49900029999999,59.5109999,97.59899999999999,317.7630001
MAC000879,2013,6,89.6940002,68.1349998,61.2499999,85.255,304.3339999
MAC000879,2013,7,29.037,26.233,23.508,37.96599999999998,116.74399999999999
MAC000879,2013,8,0.934,0.616,0.0,0.024999999999999856,1.575
MAC001421,2012,5,31.119,21.542,21.386,40.151999999999994,114.19899999999998
MAC001421,2012,6,69.834,52.498,53.402,96.01400000000002,271.748
MAC001421,2012,7,69.30199999999999,57.403999999999996,56.359,95.224,278.289
MAC001421,2012,8,69.229,56.187,57.64,91.524,274.58
MAC001421,2012,9,65.685,57.961999999999996,58.727000000000004,89.14599999999999,271.52
MAC001421,2012,10,68.96300000000001,55.903,64.51299999999999,91.32700000000001,280.706
MAC001421,2012,11,66.854,58.122,69.475,109.236,303.68699999999995
MAC001421,2012,12,70.98,59.695,66.351,100.224,297.25
MAC001421,2013,1,56.373999999999995,57.545,68.371,110.16400000000002,292.454
MAC001421,2013,2,48.022,50.408,57.292,99.781,255.50300000000001
MAC001421,2013,3,53.423,55.192,67.155,110.27900000000001,286.049
MAC001421,2013,4,57.3,49.125,53.864,84.86500000000002,245.154
MAC001421,2013,5,60.387,46.262,48.057,79.052,233.758
MAC001421,2013,6,60.097,42.843999999999994,45.434999999999995,69.799,218.17499999999998
MAC001421,2013,7,75.04,44.627,42.963,68.15,230.78
MAC001421,2013,8,73.753,48.93,47.902,75.283,245.868
MAC001421,2013,9,69.655,53.336999999999996,54.573,80.15400000000001,257.719
MAC001421,2013,10,61.671,45.891,54.153,84.46900000000002,246.184
MAC001421,2013,11,3.165,3.2639999999999993,4.676,8.216000000000001,19.321
MAC001431,2012,5,33.202,33.747,28.6170001,22.649,118.2150001
MAC001431,2012,6,54.046,48.617,41.659,36.34899999999999,180.671
MAC001431,2012,7,52.463,44.402,34.786,33.148,164.799
MAC001431,2012,8,25.011999999999993,15.818999999999996,30.329999999999995,47.86099999999999,119.02199999999998
MAC001431,2012,9,70.363,39.241,37.897999999999996,37.19099999999999,184.69299999999998
MAC001431,2012,10,87.82400009999999,60.311,45.408,52.16899999999999,245.71200009999998
MAC001431,2012,11,69.038,50.5730001,42.522,42.83700000000001,204.9700001
MAC001431,2012,12,55.612,62.6520001,44.885999999999996,42.681999999999995,205.8320001
MAC001431,2013,1,64.573,52.667,48.071999999999996,46.49799999999999,211.81
MAC001431,2013,2,47.0059999,41.489,47.635999999999996,48.312,184.4429999
MAC001431,2013,3,37.236,40.019,47.6839998,41.76699999999999,166.70599979999997
MAC001431,2013,4,39.981,34.557,39.961,43.08,157.57899999999998
MAC001431,2013,5,76.347,67.11599989999999,68.6589999,69.57799999999999,281.6999998
MAC001431,2013,6,65.0080001,49.501999999999995,43.774,47.08499999999999,205.3690001
MAC001431,2013,7,46.946,43.585,42.443999999999996,49.339000000000006,182.314
MAC001431,2013,8,31.127,23.854999999999997,24.267,39.013999999999996,118.26299999999999
MAC001431,2013,9,64.6579999,48.513999999999996,40.417,44.87,198.45899989999998
MAC001431,2013,10,83.7649998,80.0530001,65.713,69.59200000000001,299.1229999
MAC001431,2013,11,52.4589998,58.8039998,44.163999999999994,41.32800000000001,196.7549996
MAC001431,2013,12,60.5739999,49.0730001,36.388999999999996,42.903,188.939
MAC001431,2014,1,54.333999999999996,34.759,41.3,43.298,173.691
MAC001431,2014,2,49.5980001,47.775999999999996,38.849,46.824,183.0470001
MAC001459,2012,5,12.681,14.402000000000001,17.986,22.503000000000004,67.572
MAC001459,2012,6,47.324,37.744,62.656,62.104,209.82799999999997
MAC001459,2012,7,47.416999999999994,34.709999999999994,71.0040001,62.972,216.1030001
MAC001459,2012,8,38.711,29.947,44.256,50.20700000000001,163.121
MAC001459,2012,9,48.434999999999995,38.192,70.1020001,57.71900000000001,214.4480001
MAC001459,2012,10,57.1679999,46.878,88.326,79.95400000000001,272.3259999
MAC001459,2012,11,52.460000099999995,37.844,77.4240001,91.78200000000001,259.51000020000004
MAC001459,2012,12,63.431,48.5909999,107.0259996,100.92299999999999,319.9709995
MAC001459,2013,1,40.683,34.199999999999996,80.617,79.47500009999999,234.9750001
MAC001459,2013,2,40.763,23.417999999999996,68.1350001,60.099000000000004,192.4150001
MAC001459,2013,3,43.827999999999996,29.866,71.018,75.021,219.733
MAC001459,2013,4,47.312,33.900999999999996,70.8050001,62.458999999999996,214.4770001
MAC001459,2013,5,45.010999999999996,34.602,66.36,66.651,212.624
MAC001459,2013,6,43.821,32.114,57.5950002,54.32199999999999,187.8520002
MAC001459,2013,7,33.419000000000004,26.057999999999996,47.793,37.852999999999994,145.123
MAC001459,2013,8,35.467999999999996,27.395999999999997,52.225,37.958999999999996,153.048
MAC001459,2013,9,36.186,28.7,57.6309999,35.337999999999994,157.8549999
MAC001459,2013,10,40.945,26.825999999999997,68.454,42.49999999999999,178.725
MAC001459,2013,11,29.419999999999998,18.176,57.454,40.54,145.59
MAC001459,2013,12,42.366,26.197999999999997,82.8179999,68.922,220.3039999
MAC001459,2014,1,34.455999999999996,23.671999999999997,76.80399990000001,56.08699999999999,191.01899989999998
MAC001459,2014,2,4.753,2.7099999999999995,1.31,2.2579999999999982,11.030999999999999
MAC001460,2012,5,4.4239999999999995,2.771999999999999,2.5069999999999992,7.949999999999994,17.65299999999999
MAC001460,2012,6,12.591999999999997,9.013999999999998,8.039999999999997,23.23899999999998,52.88499999999998
MAC001460,2012,7,14.808999999999996,8.328999999999997,8.287999999999997,22.513999999999978,53.93999999999997
MAC001460,2012,8,16.583,12.083999999999998,11.563999999999998,23.21399999999998,63.44499999999998
MAC001460,2012,9,17.357999999999997,9.230999999999998,11.559999999999997,24.53499999999999,62.68399999999999
MAC001460,2012,10,17.5,10.424999999999997,10.306999999999999,22.428999999999984,60.66099999999998
MAC001460,2012,11,14.699999999999996,7.804999999999997,11.653999999999996,17.49399999999999,51.652999999999984
MAC001460,2012,12,14.363999999999997,8.449999999999998,9.651999999999997,18.254999999999985,50.720999999999975
MAC001460,2013,1,16.368999999999996,8.091999999999997,11.950999999999999,19.208999999999982,55.62099999999998
MAC001460,2013,2,13.976999999999999,7.052999999999997,9.382999999999997,17.070999999999984,47.48399999999998
MAC001460,2013,3,15.37,8.301999999999998,10.817999999999998,19.761999999999983,54.25199999999998
MAC001460,2013,4,14.816999999999997,8.530999999999997,9.405999999999997,20.350999999999985,53.104999999999976
MAC001460,2013,5,15.603999999999997,8.225999999999997,9.772999999999998,21.344999999999985,54.94799999999998
MAC001460,2013,6,15.925999999999998,9.549999999999997,9.278999999999998,21.949999999999985,56.704999999999984
MAC001460,2013,7,15.610999999999999,8.977999999999998,9.663999999999996,21.381999999999987,55.634999999999984
MAC001460,2013,8,16.147999999999996,10.909999999999997,11.052999999999997,22.752999999999986,60.86399999999998
MAC001460,2013,9,17.234999999999996,9.506999999999998,10.579999999999998,20.45299999999998,57.77499999999998
MAC001460,2013,10,19.313999999999997,11.278999999999998,10.843999999999998,19.11299999999998,60.549999999999976
MAC001460,2013,11,18.376,10.009999999999998,11.682999999999998,16.897999999999985,56.966999999999985
MAC001460,2013,12,18.264999999999997,8.575999999999997,13.194999999999999,17.027999999999984,57.06399999999998
MAC001460,2014,1,15.027999999999999,8.099999999999998,13.200999999999997,16.072999999999986,52.40199999999998
MAC001460,2014,2,14.008999999999997,7.749999999999997,10.209999999999997,16.052999999999987,48.021999999999984
MAC001483,2012,5,6.881,3.765999999999999,8.389999999999999,8.473,27.509999999999998
MAC001483,2012,6,29.602999999999998,14.973999999999997,19.854999999999997,24.787,89.219
MAC001483,2012,7,27.323,14.280999999999997,23.686999999999998,26.705,91.996
MAC001483,2012,8,37.815999999999995,16.051,28.377999999999997,30.221999999999987,112.46699999999998
MAC001483,2012,9,33.519,17.453,24.153,27.629999999999992,102.755
MAC001483,2012,10,39.2869999,19.244999999999997,23.852999999999998,30.333999999999996,112.7189999
MAC001483,2012,11,29.315,28.536999999999995,20.916999999999998,30.679,109.448
MAC001483,2012,12,31.160999999999998,34.718999999999994,19.733999999999998,31.482000000000006,117.096
MAC001483,2013,1,27.174,39.833999999999996,18.909,32.61,118.527
MAC001483,2013,2,23.293,33.269999999999996,16.156,28.962999999999994,101.68199999999999
MAC001483,2013,3,26.823,32.427,16.619999999999997,31.122,106.99199999999999
MAC001483,2013,4,44.75,17.735999999999997,14.966999999999997,28.93,106.383
MAC001483,2013,5,42.440999999999995,19.173999999999996,15.397999999999998,31.107,108.11999999999999
MAC001483,2013,6,41.776999999999994,16.533999999999995,13.640999999999998,29.400000000000002,101.35199999999999
MAC001483,2013,7,35.273999999999994,20.173,17.384999999999998,36.260999999999996,109.09299999999999
MAC001483,2013,8,14.806999999999999,7.4209999999999985,7.147999999999999,15.42,44.796
MAC001483,2013,9,0.092,0.0,0.0,0.0,0.092
MAC001483,2013,10,17.933,12.338999999999999,11.178999999999998,18.666,60.117
MAC001483,2013,11,30.659,23.933999999999997,17.243,30.112999999999992,101.949
MAC001483,2013,12,25.137999999999998,20.320999999999998,14.863999999999997,28.952,89.27499999999999
MAC001483,2014,1,19.546999999999997,15.983999999999998,12.236999999999998,27.308999999999994,75.077
MAC001483,2014,2,28.857,29.029999999999998,15.325999999999997,31.621000000000006,104.834
MAC001489,2012,5,10.136,8.732,13.190000000000001,19.863,51.92099999999999
MAC001489,2012,6,34.784,18.993,35.043,55.82100000000001,144.641
MAC001489,2012,7,41.007999999999996,23.116,42.467,63.951,170.542
MAC001489,2012,8,43.01,27.275999999999996,44.477999999999994,65.27900000000001,180.043
MAC001489,2012,9,39.516999999999996,26.537,40.769999999999996,52.896,159.72
MAC001489,2012,10,42.168,25.441999999999997,44.352999999999994,61.091,173.054
MAC001489,2012,11,42.986,24.656,47.21,72.22,187.072
MAC001489,2012,12,48.43599999999999,26.65,54.074,73.375,202.535
MAC001489,2013,1,44.397,28.558,50.117,76.91600000000001,199.988
MAC001489,2013,2,45.267999999999994,29.656999999999996,48.376,74.90100000000001,198.202
MAC001489,2013,3,47.69499999999999,28.380999999999997,40.384,53.55,170.01
MAC001489,2013,4,46.519999999999996,24.718999999999998,49.832,61.838,182.909
MAC001489,2013,5,44.123,24.732,42.842,57.373,169.07
MAC001489,2013,6,39.169,24.119999999999997,42.067,58.41600000000001,163.772
MAC001489,2013,7,44.541,23.381,46.248999999999995,65.58700000000002,179.758
MAC001489,2013,8,47.891999999999996,26.171999999999997,48.818,73.328,196.20999999999998
MAC001489,2013,9,40.808,21.583,39.861,55.65999999999999,157.91199999999998
MAC001489,2013,10,46.059999999999995,21.985,49.177,67.575,184.797
MAC001489,2013,11,43.242,22.412,44.135999999999996,68.93,178.72
MAC001489,2013,12,54.434999999999995,31.509999999999998,55.742999999999995,72.61800000000001,214.30599999999998
MAC001489,2014,1,54.263999999999996,26.79,49.967999999999996,89.187,220.209
MAC001489,2014,2,42.263999999999996,22.885999999999996,46.048,73.616,184.814
MAC001496,2012,5,24.455000000000002,15.980999999999998,11.677999999999999,16.216000000000008,68.33
MAC001496,2012,6,75.081,59.7260001,35.96,45.545999999999985,216.31300009999998
MAC001496,2012,7,90.792,61.647999999999996,39.687999999999995,56.91100000000001,249.039
MAC001496,2012,8,93.0409999,59.629,37.605,52.08199999999997,242.35699989999998
MAC001496,2012,9,87.801,60.216,36.912,51.93199999999999,236.86099999999996
MAC001496,2012,10,79.05199999999999,62.217999899999995,36.708,53.788,231.7659999
MAC001496,2012,11,82.47399999999999,59.943,50.906,49.489,242.81199999999998
MAC001496,2012,12,86.25,57.2420001,40.847,49.029,233.3680001
MAC001496,2013,1,87.652,64.3680001,45.922,49.885000000000005,247.8270001
MAC001496,2013,2,75.294,53.543,41.411,48.75600000000001,219.004
MAC001496,2013,3,88.36,47.57599999999999,43.565,49.92599989999999,229.42699989999997
MAC001496,2013,4,83.74600000000001,52.505,35.977,55.868999999999986,228.09699999999998
MAC001496,2013,5,77.158,51.720999899999995,35.62,55.214999999999996,219.71399989999998
MAC001496,2013,6,78.691,54.574999999999996,34.451,56.992000000000004,224.709
MAC001496,2013,7,71.048,50.266,35.245999999999995,56.557999999999986,213.11799999999997
MAC001496,2013,8,72.459,47.621,34.494,55.83399999999998,210.40799999999996
MAC001496,2013,9,75.509,55.49,33.879999999999995,52.51699999999998,217.39599999999996
MAC001496,2013,10,74.389,54.693,34.635,56.58999999999998,220.30699999999996
MAC001496,2013,11,73.08,59.435,43.879999999999995,50.742999999999995,227.13799999999998
MAC001496,2013,12,89.304,63.928,54.026,56.84799999999997,264.10599999999994
MAC001496,2014,1,90.189,60.03,54.510999999999996,64.73399999999998,269.46399999999994
MAC001496,2014,2,83.1469999,60.905000099999995,46.003,52.02299999999998,242.07799999999997
MAC001503,2012,5,13.960999999999999,10.447,11.065999999999999,20.724999999999998,56.199
MAC001503,2012,6,51.836999999999996,33.403999999999996,36.238,62.089,183.56799999999998
MAC001503,2012,7,51.509,36.543,38.265,66.90299999999999,193.21999999999997
MAC001503,2012,8,50.901999999999994,36.562999999999995,39.974,70.285,197.724
MAC001503,2012,9,49.791999999999994,33.379999999999995,37.010999999999996,64.641,184.82399999999998
MAC001503,2012,10,53.872,35.555,42.562999999999995,72.448,204.438
MAC001503,2012,11,49.385,34.344,40.519,72.849,197.097
MAC001503,2012,12,57.001,37.471,45.284,81.783,221.539
MAC001503,2013,1,56.093999999999994,38.754,43.356,78.242,216.446
MAC001503,2013,2,43.089999999999996,28.441,33.977999999999994,59.414,164.923
MAC001503,2013,3,43.973,31.845999999999997,37.083999999999996,63.322,176.225
MAC001503,2013,4,42.931999999999995,28.575999999999997,28.949999999999996,56.411,156.869
MAC001503,2013,5,43.129999999999995,28.395999999999997,30.183999999999997,56.461000000000006,158.171
MAC001503,2013,6,39.784,26.387999999999998,26.343999999999998,49.64300000000001,142.159
MAC001503,2013,7,42.224999999999994,29.924999999999997,32.364,54.965,159.47899999999998
MAC001503,2013,8,42.468999999999994,29.575,31.884999999999998,50.958000000000006,154.887
MAC001503,2013,9,38.129,26.275,25.954999999999995,45.776,136.135
MAC001503,2013,10,41.756,28.569,30.452999999999996,51.83800000000001,152.61599999999999
MAC001503,2013,11,33.589,27.912999999999997,32.147,51.83300000000001,145.482
MAC001503,2013,12,34.766999999999996,29.109999999999996,29.528,52.361000000000004,145.766
MAC001503,2014,1,33.017999999999994,26.571999999999996,28.053999999999995,49.66000000000001,137.304
MAC001503,2014,2,28.791999999999994,23.464999999999996,24.810999999999996,42.906000000000006,119.974
MAC001527,2012,5,14.425999999999998,13.29,10.214999999999998,7.686999999999996,45.617999999999995
MAC001527,2012,6,51.6529999,34.860999899999996,30.320999999999998,30.30700000000001,147.1419998
MAC001527,2012,7,46.786,38.16399989999999,33.08799989999999,27.39400000000001,145.4319998
MAC001527,2012,8,46.117,35.461999999999996,27.887999999999995,26.329000000000015,135.796
MAC001527,2012,9,46.077,39.059,33.024,25.433999999999994,143.594
MAC001527,2012,10,48.939,43.547999999999995,37.772999999999996,35.00800000000001,165.268
MAC001527,2012,11,45.699,39.73,41.053999999999995,38.361,164.844
MAC001527,2012,12,36.129999999999995,35.458999999999996,37.193999999999996,48.693,157.476
MAC001527,2013,1,52.689,45.253,42.439,47.31000000000001,187.691
MAC001527,2013,2,36.45399999999999,30.491999899999996,30.843999999999998,29.28100000000002,127.0709999
MAC001527,2013,3,53.998999999999995,31.776999999999994,35.998,41.600000000000016,163.374
MAC001527,2013,4,54.349,33.0629999,27.187999999999995,37.490999999999985,152.09099989999999
MAC001527,2013,5,47.128,35.2129999,25.964,24.106000000000005,132.4109999
MAC001527,2013,6,48.693,28.429999999999996,23.923999999999996,22.903999999999996,123.951
MAC001527,2013,7,45.437,26.012999999999998,29.543999999999997,21.073999999999998,122.068
MAC001527,2013,8,47.348,30.8629999,25.147999999999996,20.739999999999995,124.09899989999998
MAC001527,2013,9,46.620999999999995,29.169999899999997,24.474999999999998,20.778000000000002,121.04399989999999
MAC001527,2013,10,44.0,32.425999999999995,26.119999999999997,23.757000000000005,126.303
MAC001527,2013,11,32.876999999999995,31.602999999999994,28.886,28.792999999999996,122.15899999999999
MAC001527,2013,12,39.443,33.682000099999996,34.6480001,29.411000000000005,137.18400019999999
MAC001527,2014,1,32.77799999999999,38.3460001,29.871999999999996,30.723000000000003,131.7190001
MAC001527,2014,2,31.892999999999997,33.400999999999996,29.147,27.23200000000001,121.673
MAC001540,2012,5,13.629999999999999,10.141,12.206,19.375999999999998,55.352999999999994
MAC001540,2012,6,40.8640001,30.351999999999997,36.271,63.985,171.4720001
MAC001540,2012,7,42.54899999999999,31.570999999999998,38.138,70.29200000000002,182.55
MAC001540,2012,8,46.455999999999996,35.848,42.678999999999995,80.36300000000001,205.346
MAC001540,2012,9,42.501999999999995,29.339,36.870999999999995,57.06199999999999,165.77399999999997
MAC001540,2012,10,37.947,29.54,48.214,59.338,175.039
MAC001540,2012,11,34.56999999999999,28.721999999999998,46.398999999999994,62.12800000000001,171.819
MAC001540,2012,12,36.245999999999995,31.863999999999997,47.474999999999994,68.19999999999999,183.78499999999997
MAC001540,2013,1,39.747,31.366,51.583999899999995,70.12100000000001,192.8179999
MAC001540,2013,2,36.626999999999995,30.261999999999997,46.247,60.008,173.144
MAC001540,2013,3,39.347,29.883,47.477,57.551,174.25799999999998
MAC001540,2013,4,42.01,29.214,36.282,54.96100000000001,162.467
MAC001540,2013,5,39.952,26.761,34.448,59.886,161.047
MAC001540,2013,6,36.407999999999994,22.9,33.647,58.94400000000001,151.899
MAC001540,2013,7,45.839999999999996,27.645999999999997,36.351,75.13000000000001,184.967
MAC001540,2013,8,43.643,29.653999999999996,35.202999999999996,72.94600000000001,181.446
MAC001540,2013,9,41.589999999999996,30.116999999999997,36.75,63.158,171.615
MAC001540,2013,10,44.998,28.638999999999996,52.554,74.74499999999999,200.93599999999998
MAC001540,2013,11,43.782999999999994,25.537,53.910999999999994,82.253,205.484
MAC001540,2013,12,39.138,26.65,52.475,74.334,192.59699999999998
MAC001540,2014,1,38.54599999999999,26.543999999999997,42.684999999999995,71.125,178.89999999999998
MAC001540,2014,2,35.577,22.304999999999996,32.589,65.353,155.82399999999998
MAC001545,2012,5,8.314999999999998,4.869,5.116,13.515,31.815
MAC001545,2012,6,27.329999999999995,20.465999999999998,18.440999999999995,50.162000000000006,116.399
MAC001545,2012,7,26.161999999999995,21.926,21.174999999999997,53.321,122.58399999999999
MAC001545,2012,8,28.586,21.430999999999997,20.443999999999996,51.556,122.017
MAC001545,2012,9,27.255,20.971999999999994,21.205999999999996,54.19499999999999,123.62799999999999
MAC001545,2012,10,29.740999999999996,22.488,22.155999999999995,53.893,128.278
MAC001545,2012,11,25.687999999999995,20.894,24.038999999999998,57.947,128.56799999999998
MAC001545,2012,12,38.599,28.499,27.784999999999997,70.466,165.349
MAC001545,2013,1,34.24099999999999,25.323999999999998,25.099999999999998,65.896,150.56099999999998
MAC001545,2013,2,29.150999999999996,21.764999999999997,19.496999999999996,59.61000000000001,130.023
MAC001545,2013,3,36.852,24.712999999999997,20.057999999999996,68.39600000000002,150.019
MAC001545,2013,4,32.774,20.810999999999996,18.438999999999997,59.19000000000001,131.214
MAC001545,2013,5,29.642999999999997,18.683999999999997,21.745999999999995,55.94600000000001,126.019
MAC001545,2013,6,35.12799999999999,15.886999999999997,18.262999999999998,49.56500000000001,118.843
MAC001545,2013,7,36.355999999999995,16.776999999999997,18.573999999999998,52.56900000000001,124.276
MAC001545,2013,8,35.416,17.184999999999995,17.915999999999997,50.189000000000014,120.706
MAC001545,2013,9,37.988,15.892999999999997,20.583,53.847,128.311
MAC001545,2013,10,42.517999999999994,23.187999999999995,28.731999999999996,60.65800000000001,155.096
MAC001545,2013,11,47.504,22.366999999999997,25.961999999999996,62.121,157.954
MAC001545,2013,12,51.81699999999999,27.388999999999996,29.474999999999998,70.988,179.66899999999998
MAC001545,2014,1,48.844,24.631999999999998,33.493,63.19,170.159
MAC001545,2014,2,42.254,20.344999999999995,24.366999999999997,57.699000000000005,144.665
MAC001546,2012,5,54.364,30.424999999999997,35.048,59.921999999999976,179.759
MAC001546,2012,6,73.875,44.201,40.501,111.97099999999998,270.548
MAC001546,2012,7,76.612,44.528,55.8230001,131.17699969999998,308.1399998
MAC001546,2012,8,87.7,58.074999999999996,61.519,122.04899999999998,329.34299999999996
MAC001546,2012,9,54.7330001,41.547,36.714999999999996,95.017,228.0120001
MAC001546,2012,10,83.32600000000001,42.003,43.94499999999999,114.0449999,283.3189999
MAC001546,2012,11,89.9970001,46.013,45.2130001,120.677,301.9000002
MAC001546,2012,12,74.9,56.455,53.394999899999995,143.97699999999998,328.72699989999995
MAC001546,2013,1,75.964,52.766,47.414,121.9470001,298.0910001
MAC001546,2013,2,88.528,55.158,55.931,123.318,322.935
MAC001546,2013,3,62.982,45.3809999,41.384,106.2359999,255.9829998
MAC001546,2013,4,69.858,44.224,50.79,103.6649999,268.5369999
MAC001546,2013,5,66.097,38.018,36.824999999999996,99.38600000000001,240.326
MAC001546,2013,6,58.226,34.979,37.665,89.584,220.454
MAC001546,2013,7,99.05199999999999,66.3940001,59.199999999999996,160.24200000000002,384.8880001
MAC001546,2013,8,82.606,40.655,51.475,121.12299999999999,295.859
MAC001546,2013,9,80.42,42.861999999999995,48.809999999999995,124.693,296.78499999999997
MAC001546,2013,10,73.5019999,52.4500001,56.402,128.2460001,310.6000001
MAC001546,2013,11,80.879,47.724,55.037,110.2449999,293.88499989999997
MAC001546,2013,12,100.41,73.1250001,92.832,129.97300009999998,396.34000019999996
MAC001546,2014,1,79.67099999999999,43.780000099999995,52.9439998,122.40700000000001,298.8019999
MAC001546,2014,2,73.903,43.67,50.422,109.552,277.547
MAC001549,2012,5,19.144,10.553,10.934,23.058000000000003,63.689
MAC001549,2012,6,65.349,28.162,32.541999999999994,63.288999999999994,189.34199999999998
MAC001549,2012,7,81.134,43.138,49.955999999999996,98.7719999,272.9999999
MAC001549,2012,8,64.7660001,33.649,34.917,85.31300000000002,218.6450001
MAC001549,2012,9,49.227999999999994,25.269999999999996,26.458,61.64900000000001,162.605
MAC001549,2012,10,105.6820001,42.5070001,48.306,79.331,275.8260002
MAC001549,2012,11,79.5609999,44.1650001,37.108,78.848,239.682
MAC001549,2012,12,121.2869999,63.1159999,72.34,121.59999999999998,378.3429998
MAC001549,2013,1,101.1729999,48.25,44.622,97.178,291.2229999
MAC001549,2013,2,75.3689999,40.473,35.606,72.922,224.36999989999998
MAC001549,2013,3,93.6549998,56.1989999,54.360999899999996,103.2910001,307.50599969999996
MAC001549,2013,4,90.95500009999999,37.568,37.257,82.34100000000001,248.1210001
MAC001549,2013,5,57.939,32.683,32.72,66.35300000000001,189.695
MAC001549,2013,6,56.12,30.825999999999997,32.305,66.28000000000002,185.531
MAC001549,2013,7,74.0080001,49.298,76.8319999,132.891,333.029
MAC001549,2013,8,79.0930001,51.16199999999999,56.7129998,160.9550001,347.923
MAC001549,2013,9,70.621,28.758999999999997,38.135,74.901,212.416
MAC001549,2013,10,101.688,46.480999999999995,52.101,109.31700000000002,309.587
MAC001549,2013,11,81.7249999,45.157000000000004,42.428,81.9529999,251.2629998
MAC001549,2013,12,100.89,61.6519999,60.272999999999996,133.6969999,356.5119998
MAC001549,2014,1,94.1540001,56.908,48.784,101.579,301.4250001
MAC001549,2014,2,77.744,47.2570001,44.062,93.99499999999999,263.05800009999996
MAC001557,2012,5,23.306000100000002,6.638,8.678999999999998,18.000000000000004,56.6230001
MAC001557,2012,6,91.082,23.116999999999997,28.057999999999996,60.512,202.76899999999998
MAC001557,2012,7,94.1270002,24.325999999999997,29.513999999999996,61.697,209.6640002
MAC001557,2012,8,87.3120004,23.959999999999997,30.069999999999997,61.30400000000001,202.6460004
MAC001557,2012,9,87.7050002,23.337999999999997,30.578,62.085,203.70600019999998
MAC001557,2012,10,96.8480006,26.929999999999996,34.638999999999996,70.075,228.4920006
MAC001557,2012,11,92.578,25.519999999999996,33.125,72.04299999999999,223.266
MAC001557,2012,12,89.7049996,24.114999999999995,33.254999999999995,72.21499999999997,219.28999959999996
MAC001557,2013,1,98.66600009999999,28.534999999999997,37.354,75.05799999999999,239.61300009999997
MAC001557,2013,2,89.3369995,25.320999999999998,33.914,70.909,219.4809995
MAC001557,2013,3,100.9090003,28.502999999999997,36.733,81.21499999999999,247.36000029999997
MAC001557,2013,4,101.86499979999999,25.372999999999998,34.434999999999995,72.699,234.3719998
MAC001557,2013,5,102.7250004,26.946999999999996,36.656,76.305,242.63300040000001
MAC001557,2013,6,98.08999969999999,27.648,35.117999999999995,73.10199999999999,233.9579997
MAC001557,2013,7,99.3000004,25.823999999999998,34.504,75.731,235.35900039999999
MAC001557,2013,8,90.4480001,23.427999999999997,33.579,74.072,221.52700009999998
MAC001557,2013,9,99.1480001,27.633999999999997,36.696,79.283,242.7610001
MAC001557,2013,10,93.8790001,26.418999999999997,38.12,80.82900000000001,239.24700009999998
MAC001557,2013,11,92.675,25.714,37.007999999999996,84.122,239.51899999999998
MAC001557,2013,12,97.46300049999999,30.101,37.119,88.43099999999998,253.11400049999997
MAC001557,2014,1,96.4950006,27.920999999999996,35.482,89.06299999999999,248.96100059999998
MAC001557,2014,2,79.7550004,27.157999999999998,31.351,70.377,208.6410004
MAC001558,2012,5,0.7599999999999998,0.5739999999999998,1.3399999999999999,2.244999999999999,4.918999999999999
MAC001558,2012,6,3.9269999999999996,1.8179999999999996,3.192999999999999,7.339999999999997,16.278
MAC001558,2012,7,2.071999999999999,2.9709999999999988,3.364,12.51699999999999,20.92399999999999
MAC001558,2012,8,3.8579999999999997,3.725999999999999,3.2289999999999988,14.684999999999988,25.497999999999987
MAC001558,2012,9,4.077999999999998,2.2119999999999993,3.890999999999997,10.173999999999994,20.35499999999999
MAC001558,2012,10,20.269999999999996,13.606,18.198999999999998,43.90599999999999,95.981
MAC001558,2012,11,35.235,21.849999999999998,27.581999999999997,67.07600000000001,151.743
MAC001558,2012,12,89.306,49.72,55.9,142.214,337.14
MAC001558,2013,1,46.913,43.745,56.047,115.14500000000001,261.84999999999997
MAC001558,2013,2,43.806,30.249,40.868,97.58100000000002,212.50400000000002
MAC001558,2013,3,37.404,24.840999999999998,31.432,93.55,187.227
MAC001558,2013,4,17.964999999999996,14.587999999999997,19.173,46.23499999999999,97.96099999999998
MAC001558,2013,5,12.806999999999999,9.860999999999999,14.062999999999999,32.667999999999985,69.39899999999999
MAC001558,2013,6,4.177999999999998,4.139999999999999,5.1629999999999985,16.795000000000005,30.276000000000003
MAC001558,2013,7,5.823999999999998,5.070999999999998,7.930999999999999,12.993000000000002,31.819000000000003
MAC001558,2013,8,5.859999999999998,3.996999999999998,5.141999999999999,14.487000000000005,29.486000000000004
MAC001558,2013,9,4.395999999999997,3.932999999999998,4.500999999999999,17.004000000000005,29.834000000000003
MAC001558,2013,10,15.181999999999999,10.185999999999998,13.266999999999998,29.308000000000003,67.943
MAC001558,2013,11,34.06399999999999,19.250999999999998,24.162999999999997,66.12100000000001,143.599
MAC001558,2013,12,48.001999999999995,25.845999999999997,37.721,118.62199999999997,230.19099999999997
MAC001558,2014,1,35.157,20.677,35.143,110.788,201.765
MAC001558,2014,2,5.342999999999999,9.598999999999998,12.622999999999998,35.426999999999985,62.99199999999999
MAC001560,2012,5,26.711,18.605,20.615000000000002,37.496,103.427
MAC001560,2012,6,72.826,63.165,60.553,99.23599999999999,295.78
MAC001560,2012,7,89.277,65.151,75.504,127.895,357.827
MAC001560,2012,8,82.53099999999999,65.407,74.212,127.97999999999998,350.13
MAC001560,2012,9,89.55,65.193,73.507,120.98300000000002,349.233
MAC001560,2012,10,93.513,75.482,73.882,132.344,375.221
MAC001560,2012,11,75.449,75.181,80.273,134.262,365.165
MAC001560,2012,12,77.048,73.33800000000001,77.827,133.834,362.047
MAC001560,2013,1,65.79599999999999,71.065,77.213,138.564,352.638
MAC001560,2013,2,71.248,65.022,69.798,124.037,330.105
MAC001560,2013,3,65.25699999999999,71.947,80.178,138.22500000000002,355.607
MAC001560,2013,4,77.06099999999999,64.446,73.62,112.798,327.925
MAC001560,2013,5,72.054,65.595,71.483,115.012,324.144
MAC001560,2013,6,64.776,58.022,66.901,103.237,292.936
MAC001560,2013,7,62.984,51.951,65.899,99.54300000000002,280.377
MAC001560,2013,8,75.916,63.621,70.402,106.75500000000001,316.694
MAC001560,2013,9,66.139,59.89,66.29299999999999,109.40800000000002,301.73
MAC001560,2013,10,71.615,61.579,65.377,109.52800000000002,308.099
MAC001560,2013,11,62.443,58.981,65.543,109.28200000000002,296.249
MAC001560,2013,12,66.0,70.8,74.431,129.243,340.474
MAC001560,2014,1,62.91,73.891,84.476,142.93999999999997,364.217
MAC001560,2014,2,51.495,59.488,72.598,125.84100000000001,309.422
MAC001565,2012,5,15.567,7.499,11.272,22.666000000000004,57.004
MAC001565,2012,6,50.034,26.740999999999996,35.339,78.896,191.01
MAC001565,2012,7,62.925,32.817,43.674,99.959,239.375
MAC001565,2012,8,69.599,37.44799999999999,46.303999999999995,105.157,258.508
MAC001565,2012,9,57.905,32.303999999999995,50.235,99.71399999999998,240.158
MAC001565,2012,10,68.696,35.935,58.672,98.993,262.296
MAC001565,2012,11,57.647,30.493,55.7,99.99999999999999,243.83999999999997
MAC001565,2012,12,63.961999999999996,40.954,54.944,97.181,257.041
MAC001565,2013,1,64.997,39.084999999999994,56.339999999999996,103.19,263.61199999999997
MAC001565,2013,2,45.803,25.993999999999996,38.128,79.436,189.361
MAC001565,2013,3,48.550999999999995,30.314999999999998,37.489999999999995,82.91000000000003,199.26600000000002
MAC001565,2013,4,49.598,24.477999999999994,31.669999999999995,78.66900000000001,184.41500000000002
MAC001565,2013,5,44.803,26.471999999999998,35.25899999999999,77.67400000000002,184.208
MAC001565,2013,6,44.812,25.933999999999997,34.467,75.07000000000001,180.28300000000002
MAC001565,2013,7,54.15,26.944,29.820999999999998,82.25800000000002,193.173
MAC001565,2013,8,51.349,27.563999999999997,29.968999999999998,78.944,187.826
MAC001565,2013,9,51.857,24.941999999999997,38.023999999999994,83.302,198.125
MAC001565,2013,10,57.449,32.187,46.979,94.80199999999999,231.41699999999997
MAC001565,2013,11,56.29,32.092,47.717999999999996,88.196,224.296
MAC001565,2013,12,54.775,36.405,59.458,94.343,244.981
MAC001565,2014,1,33.824,19.506,41.730000000000004,61.632999999999996,156.69299999999998
MAC001574,2012,5,12.017999999999999,6.831999999999999,7.100999999999999,20.60000000000001,46.55100000000001
MAC001574,2012,6,39.028,26.830999999999996,27.825999999999997,56.52300000000002,150.208
MAC001574,2012,7,48.515,29.531,29.269999999999996,64.595,171.911
MAC001574,2012,8,58.233,43.815999999999995,41.403,70.41000000000003,213.86200000000002
MAC001574,2012,9,43.949999999999996,29.805999999999997,27.958,63.74400000000001,165.458
MAC001574,2012,10,41.443,27.621999999999996,28.542999999999996,65.89000000000001,163.49800000000002
MAC001574,2012,11,33.611999999999995,21.066999999999997,22.006999999999998,48.97700000000002,125.66300000000001
MAC001574,2012,12,28.658,19.468,22.125,49.58700000000001,119.83800000000001
MAC001574,2013,1,39.196999999999996,25.226,22.581999999999997,50.804,137.809
MAC001574,2013,2,29.435,19.89,18.912,49.569,117.806
MAC001574,2013,3,36.43599999999999,24.448,22.081999999999997,55.676,138.642
MAC001574,2013,4,30.340999999999998,19.634999999999998,25.637,50.766,126.379
MAC001574,2013,5,35.475,21.733,18.699,47.512,123.419
MAC001574,2013,6,29.776,20.753,22.041999999999998,43.117,115.68799999999999
MAC001574,2013,7,28.365,19.229,21.849,41.699999999999996,111.143
MAC001574,2013,8,35.49399999999999,25.093999999999998,26.153999999999996,50.92700000000002,137.669
MAC001574,2013,9,45.196,26.692999999999998,32.936,64.11800000000002,168.943
MAC001574,2013,10,56.269,34.815999999999995,34.048,68.56,193.69299999999998
MAC001574,2013,11,55.279,37.022,32.189,74.993,199.48299999999998
MAC001574,2013,12,33.698,21.477,23.453,53.59100000000001,132.219
MAC001574,2014,1,7.004,4.43,7.815999999999999,13.098000000000003,32.348
MAC001574,2014,2,21.041999999999994,15.793999999999999,17.037,36.568000000000005,90.441
MAC001582,2012,5,3.745,2.118,3.801999999999999,8.360999999999997,18.025999999999996
MAC001582,2012,6,14.833999999999998,9.259999999999998,12.279999999999998,27.607999999999983,63.98199999999998
MAC001582,2012,7,27.653,14.999999999999998,28.604,39.85299999999999,111.10999999999999
MAC001582,2012,8,25.839,15.025999999999996,33.483,30.097999999999992,104.44599999999998
MAC001582,2012,9,33.141,17.737999999999996,40.71,27.836999999999986,119.42599999999999
MAC001582,2012,10,43.821999999999996,27.363999999999997,53.183,27.83599999999999,152.20499999999998
MAC001582,2012,11,43.090999999999994,20.789999999999996,49.096,40.328999999999986,153.30599999999998
MAC001582,2012,12,64.187,43.586999999999996,60.326,65.01000000000002,233.11
MAC001582,2013,1,59.671,38.756,60.345,71.61299999999999,230.38499999999996
MAC001582,2013,2,38.825,25.025,42.304,55.991,162.145
MAC001583,2012,5,14.567,13.0789999,15.772,13.933,57.3509999
MAC001583,2012,6,71.736,70.514,86.009,67.49,295.74899999999997
MAC001583,2012,7,80.332,85.516,82.4629999,84.656,332.96699989999996
MAC001583,2012,8,84.541,89.8049999,82.636,73.59999999999998,330.58199989999997
MAC001583,2012,9,82.284,73.356,86.29199990000001,74.628,316.5599999
MAC001583,2012,10,77.155,78.85500019999999,104.625,83.61699999999999,344.2520002
MAC001583,2012,11,61.065,79.734,105.8299996,88.07700000000001,334.7059996
MAC001583,2012,12,70.65,114.4609999,123.007,107.734,415.8519999
MAC001583,2013,1,71.2360001,117.1730002,122.3150002,111.16499980000002,421.8890003
MAC001583,2013,2,56.317,68.5190002,97.0020001,95.42200000000001,317.2600003
MAC001583,2013,3,58.196999899999994,70.453,101.026,98.98,328.6559999
MAC001583,2013,4,58.551,80.719,87.6859999,90.274,317.2299999
MAC001583,2013,5,81.47,83.433,90.108,98.568,353.57899999999995
MAC001583,2013,6,81.218,87.561,94.01799989999999,91.57699999999997,354.37399989999994
MAC001583,2013,7,85.891,89.466,94.132,101.16399999999999,370.65299999999996
MAC001583,2013,8,79.371,97.2860001,96.64500000000001,104.39499999999998,377.69700009999997
MAC001583,2013,9,72.016,67.9380001,80.4620002,77.276,297.69200029999996
MAC001583,2013,10,72.077,70.918,73.977,75.629,292.601
MAC001583,2013,11,42.458999999999996,76.566,108.0270004,80.274,307.3260004
MAC001583,2013,12,42.047,84.3520001,125.8039997,81.95000009999998,334.1529999
MAC001583,2014,1,35.187999999999995,67.0499998,110.9940002,84.01699989999999,297.2489999
MAC001583,2014,2,31.593999999999998,60.535999999999994,94.427,77.41499990000001,263.9719999
MAC001594,2012,5,20.727,13.439,16.663,36.562,87.39099999999999
MAC001594,2012,6,97.117,67.059,85.13,187.041,436.347
MAC001594,2012,7,142.567,87.164,113.437,241.7,584.868
MAC001594,2012,8,148.278,104.957,124.552,249.331,627.118
MAC001594,2012,9,144.935,99.179,124.01299999999999,245.507,613.634
MAC001594,2012,10,151.00799999999998,96.593,122.8259999,263.893,634.3199999
MAC001594,2012,11,137.69,84.071,107.45100020000001,249.99800000000002,579.2100002
MAC001594,2012,12,141.97299999999998,95.066,117.1339999,247.96999999999997,602.1429999
MAC001594,2013,1,108.44399999999999,70.12,97.7910001,204.002,480.3570001
MAC001594,2013,2,101.929,65.16499999999999,87.113,190.414,444.621
MAC001594,2013,3,137.829,114.488,123.6000001,223.86799999999997,599.7850001
MAC001594,2013,4,136.942,102.195,115.7399999,208.84699999999998,563.7239999
MAC001594,2013,5,128.91,89.095,107.028,199.42999999999995,524.463
MAC001594,2013,6,101.175,75.7779999,93.639,198.12199999999999,468.7139999
MAC001594,2013,7,115.42699999999999,85.641,97.804,199.00099999999998,497.873
MAC001594,2013,8,104.069,70.429,88.968,181.361,444.827
MAC001594,2013,9,109.091,74.052,96.107,187.817,467.067
MAC001594,2013,10,114.924,78.322,99.983,194.849,488.078
MAC001594,2013,11,95.847,59.443999999999996,76.72,175.93499999999997,407.94599999999997
MAC001594,2013,12,100.854,68.094,90.483,188.42,447.851
MAC001594,2014,1,111.524,86.3739999,103.04299999999999,205.273,506.2139999
MAC001594,2014,2,97.47200000000001,78.375,89.76,183.42999999999998,449.037
MAC001598,2012,5,28.783999899999998,14.613999999999999,15.552,23.12899999999999,82.07899989999999
MAC001598,2012,6,134.5479998,66.3279999,80.5020001,120.1829999,401.5609997
MAC001598,2012,7,141.8220002,73.625,82.064,129.075,426.5860002
MAC001598,2012,8,150.6130004,90.6090001,91.0579999,161.768,494.0480004
MAC001598,2012,9,144.9170001,69.646,85.433,112.80799989999997,412.804
MAC001598,2012,10,147.5960005,67.371,92.881,121.44999999999997,429.29800049999994
MAC001598,2012,11,137.499,80.9289998,113.58,134.19699999999997,466.2049998
MAC001598,2012,12,138.2490002,100.0639998,99.6669998,166.215,504.1949998
MAC001598,2013,1,142.6550002,97.5459998,103.2870002,151.832,495.3200002
MAC001598,2013,2,120.7560003,76.97099970000001,97.4610001,117.93399999999997,413.1220001
MAC001598,2013,3,159.01999990000002,99.5759999,129.8649998,166.183,554.6439996
MAC001598,2013,4,145.7599999,84.6919999,115.3850001,138.5299999,484.3669998
MAC001598,2013,5,156.9790003,85.8370001,103.5339997,137.731,484.0810001
MAC001598,2013,6,149.401,73.727,102.8530002,134.94599999999997,460.92700019999995
MAC001598,2013,7,147.2700002,79.2630001,100.188,164.2159998,490.9370001
MAC001598,2013,8,155.4000003,92.8830001,99.171,162.19199989999998,509.64600029999997
MAC001598,2013,9,149.1860002,83.281,100.4740001,149.27399979999996,482.2150001
MAC001598,2013,10,149.4410001,75.0169999,99.8070001,132.56499999999997,456.83000009999995
MAC001598,2013,11,135.16400009999998,73.6540001,113.3879998,159.8640002,482.0700002
MAC001598,2013,12,147.3559998,99.19300009999999,147.0839995,200.2770003,593.9099997
MAC001598,2014,1,138.2619999,90.5129999,128.184,167.52000009999998,524.4789999
MAC001598,2014,2,117.121,60.523,94.9640001,116.254,388.8620001
MAC001603,2012,5,51.5329999,25.298000000000002,40.176,34.059999999999995,151.0669999
MAC001603,2012,6,218.8840001,131.996,183.90300009999999,137.19299969999997,671.9759999
MAC001603,2012,7,263.1189997,141.5329999,243.10000060000002,197.95599979999997,845.708
MAC001603,2012,8,256.0189999,138.60600010000002,233.9130004,181.88700020000002,810.4250006
MAC001603,2012,9,257.682,135.8419998,232.0650002,180.75800009999995,806.3470001
MAC001603,2012,10,281.5760002,164.9439999,243.6179998,186.69399999999996,876.8319999
MAC001603,2012,11,267.0280002,166.0670002,251.3389998,208.95899990000004,893.3930001
MAC001603,2012,12,287.8319996,188.261,289.5070008,220.73599959999996,986.336
MAC001603,2013,1,297.4900001,175.7890001,276.5269995,222.69700019999996,972.5029999
MAC001603,2013,2,269.2800001,164.5279997,251.9200007,200.68499929999993,886.4129998
MAC001603,2013,3,275.59100010000003,155.51000009999998,228.9049997,217.31800009999998,877.324
MAC001603,2013,4,264.2050001,171.7529999,231.1700003,205.5069997,872.635
MAC001603,2013,5,245.22599970000002,142.8990003,221.3900003,180.3799997,789.895
MAC001603,2013,6,231.93000030000002,127.9159996,216.2650004,175.3529999,751.4640002
MAC001603,2013,7,260.2280001,125.43900000000001,218.4849991,245.2880005,849.4399997
MAC001603,2013,8,244.8159996,126.8899999,184.6189996,222.67799979999995,779.0029989
MAC001603,2013,9,196.1020002,109.9730003,189.1230004,176.25399999999996,671.4520009
MAC001603,2013,10,248.3490003,124.1699999,203.746,187.49899999999997,763.7640002
MAC001603,2013,11,269.5259997,169.3329996,221.02000049999998,237.75000059999996,897.6290004
MAC001603,2013,12,277.4829995,165.1349995,239.6190007,257.74899999999997,939.9859997
MAC001603,2014,1,285.3799994,155.0500001,231.7780009,264.2819994,936.4899998
MAC001603,2014,2,260.6099998,131.3979998,189.4299998,219.6359999,801.0739993
MAC001616,2012,5,6.267999999999997,2.741999999999999,4.421999999999999,7.436000000000002,20.868
MAC001616,2012,6,43.523999999999994,23.744,48.269,33.795,149.332
MAC001616,2012,7,52.461,36.616,53.224,37.96800000000001,180.269
MAC001616,2012,8,45.30299999999999,30.333999999999996,42.122,37.668,155.427
MAC001616,2012,9,44.184999999999995,27.633999999999997,60.445,35.882999999999974,168.14699999999996
MAC001616,2012,10,48.09799999999999,24.495999999999995,65.4009999,34.797999999999995,172.79299989999998
MAC001616,2012,11,48.79,28.131999999999998,55.888999999999996,56.732000000000006,189.543
MAC001616,2012,12,47.199,43.269999999999996,54.681,65.661,210.81099999999998
MAC001616,2013,1,46.675,36.745,57.080999999999996,64.189,204.69
MAC001616,2013,2,43.401999999999994,31.012999999999998,46.568,54.73499999999999,175.718
MAC001616,2013,3,49.33899999999999,26.626999999999995,42.907,65.281,184.154
MAC001616,2013,4,45.681,26.144,48.765,44.0059999,164.59599989999998
MAC001616,2013,5,44.724999999999994,24.794999999999998,52.66,40.329,162.509
MAC001616,2013,6,41.269999999999996,37.7050001,44.199999999999996,37.92099999999999,161.0960001
MAC001616,2013,7,54.275,32.775,44.683,47.145999999999994,178.879
MAC001616,2013,8,45.906,33.382999999999996,45.092999999999996,38.748999999999995,163.13099999999997
MAC001616,2013,9,50.331999999999994,36.321999999999996,67.1449999,35.33299999999999,189.13199989999998
MAC001616,2013,10,59.32599999999999,35.416999999999994,79.43,41.14999999999999,215.32299999999998
MAC001616,2013,11,53.574999999999996,29.519999999999996,73.4680001,57.828,214.39100009999999
MAC001616,2013,12,56.66,42.015,65.3339998,67.496,231.50499979999998
MAC001616,2014,1,54.025999999999996,32.922,61.172,54.429,202.549
MAC001616,2014,2,47.528,33.8150001,50.0969999,55.744,187.184
MAC001620,2012,5,14.629000000000001,7.991999999999999,11.876000000000001,24.496000000000002,58.992999999999995
MAC001620,2012,6,102.0809999,62.268,71.74,137.12999999999997,373.2189999
MAC001620,2012,7,119.3769999,61.034,74.7279999,157.64899999999997,412.78799979999997
MAC001620,2012,8,135.6580001,75.4790003,82.5759999,160.676,454.3890003
MAC001620,2012,9,96.826,68.277,83.6029999,146.523,395.22899989999996
MAC001620,2012,10,114.7459999,63.463,91.1110001,150.499,419.819
MAC001620,2012,11,108.536,57.650999999999996,101.2450001,168.614,436.0460001
MAC001620,2012,12,121.581,70.816,104.617,187.412,484.426
MAC001620,2013,1,113.991,79.116,102.999,183.09,479.19599999999997
MAC001620,2013,2,107.816,58.3630001,92.406,158.097,416.6820001
MAC001620,2013,3,122.4929998,68.083,90.655,183.29599999999996,464.52699979999994
MAC001620,2013,4,107.647,71.529,75.98800010000001,144.60000000000002,399.76400010000003
MAC001620,2013,5,116.7599999,67.253,72.16,150.3729998,406.5459997
MAC001620,2013,6,111.7539999,60.07,80.194,150.61,402.62799989999996
MAC001620,2013,7,118.2870001,63.376999999999995,70.964,148.38400000000001,401.0120001
MAC001620,2013,8,124.4239999,61.71,73.7070001,150.743,410.584
MAC001620,2013,9,105.154,57.96,77.889,147.42199999999997,388.42499999999995
MAC001620,2013,10,118.4329999,58.466,80.949,153.53,411.37799989999996
MAC001620,2013,11,105.327,57.197,91.109,166.634,420.267
MAC001620,2013,12,109.7190001,61.4399999,96.771,163.8949999,431.82499989999997
MAC001620,2014,1,104.667,65.2740001,100.6660001,160.0200001,430.62700029999996
MAC001620,2014,2,102.6580001,54.055,81.5959999,150.50199999999998,388.811
MAC001622,2012,5,1.3259999999999996,0.5559999999999995,0.8369999999999996,1.3330000000000006,4.052
MAC001622,2012,6,7.450999999999998,7.426999999999998,13.052999999999997,11.664999999999994,39.59599999999999
MAC001622,2012,7,7.177999999999997,7.920999999999998,15.924999999999997,13.533999999999992,44.557999999999986
MAC001622,2012,8,6.645999999999997,6.289999999999998,15.017999999999997,13.865999999999993,41.81999999999999
MAC001622,2012,9,8.446999999999997,8.015999999999998,19.291999999999998,16.21099999999999,51.96599999999999
MAC001622,2012,10,6.9339999999999975,9.270999999999999,25.705,16.672999999999995,58.58299999999999
MAC001622,2012,11,8.795999999999998,8.066999999999998,25.817999999999998,19.217,61.897999999999996
MAC001622,2012,12,9.927999999999999,10.026,36.099999999999994,25.160999999999994,81.21499999999999
MAC001622,2013,1,9.256999999999998,7.825999999999998,37.283,21.654999999999998,76.021
MAC001622,2013,2,7.9049999999999985,6.764999999999999,29.911999999999995,20.682,65.264
MAC001622,2013,3,9.215,7.120999999999998,27.81,23.156999999999993,67.30299999999998
MAC001622,2013,4,9.967999999999998,9.165999999999999,17.971999999999998,14.638999999999992,51.74499999999999
MAC001622,2013,5,8.080999999999998,8.226999999999997,15.954999999999997,15.497999999999992,47.76099999999999
MAC001622,2013,6,7.172999999999998,8.894999999999998,11.879999999999997,14.414999999999988,42.362999999999985
MAC001622,2013,7,7.058999999999997,7.995999999999998,13.070999999999998,17.663999999999994,45.789999999999985
MAC001622,2013,8,8.970999999999998,7.544999999999998,14.291999999999998,18.374999999999993,49.182999999999986
MAC001622,2013,9,7.210999999999998,8.140999999999998,19.429999999999996,15.830999999999994,50.612999999999985
MAC001622,2013,10,7.599999999999998,7.2349999999999985,28.827999999999996,20.030999999999995,63.693999999999996
MAC001622,2013,11,9.857999999999997,7.1019999999999985,33.495999999999995,29.39299999999999,79.84899999999999
MAC001622,2013,12,9.056999999999997,8.281999999999998,38.134,30.654999999999994,86.12799999999999
MAC001622,2014,1,7.928999999999998,5.167999999999998,32.403,29.04,74.53999999999999
MAC001622,2014,2,9.289999999999997,7.153999999999998,28.904999999999998,24.683999999999997,70.033
MAC001752,2012,6,45.482,30.747999999999998,31.836999999999996,102.28,210.347
MAC001752,2012,7,59.383,43.7649999,70.735,137.51299999999998,311.3959999
MAC001752,2012,8,66.642,48.614000000000004,69.497,152.872,337.625
MAC001752,2012,9,58.974999999999994,44.903999999999996,66.195,118.96100000000001,289.035
MAC001752,2012,10,65.482,43.565,72.178,123.07900000000001,304.304
MAC001752,2012,11,62.939,46.169,87.387,152.02599999999998,348.521
MAC001752,2012,12,65.04899999999999,55.839,88.782,163.123,372.793
MAC001752,2013,1,67.319,46.912,88.979,153.032,356.242
MAC001752,2013,2,64.681,44.336,69.956,139.736,318.709
MAC001752,2013,3,61.778,48.666,69.669,157.3459999,337.45899990000004
MAC001752,2013,4,62.116,47.214999999999996,68.394,148.99200000000002,326.717
MAC001752,2013,5,67.348,55.138,74.006,142.971,339.463
MAC001752,2013,6,64.099,51.042,57.94,162.772,335.853
MAC001752,2013,7,74.54299999999999,56.238,68.195,166.103,365.079
MAC001752,2013,8,63.672,46.518,62.502,130.768,303.46000000000004
MAC001752,2013,9,66.019,46.153999999999996,68.805,125.69800000000002,306.676
MAC001752,2013,10,77.836,52.245999999999995,81.983,123.68599999999999,335.751
MAC001752,2013,11,64.961,48.269999999999996,74.152,129.0,316.383
MAC001752,2013,12,70.817,67.297,81.681,186.97699999999998,406.772
MAC001752,2014,1,72.484,44.256,89.098,159.31000000000003,365.14799999999997
MAC001752,2014,2,74.501,48.057,66.349,114.87100000000001,303.778
MAC001765,2012,6,74.899,46.369,52.2319999,95.634,269.1339999
MAC001765,2012,7,103.316,69.1349999,77.5759998,123.77499990000001,373.8019996
MAC001765,2012,8,86.514,54.545,67.3350002,119.65199999999999,328.0460002
MAC001765,2012,9,96.875,63.6039999,77.5379998,116.80199999999999,354.8189997
MAC001765,2012,10,96.636,66.524,88.0550001,138.9610001,390.1760002
MAC001765,2012,11,83.333,63.0050002,95.4320002,135.361,377.1310004
MAC001765,2012,12,100.968,80.10900000000001,118.8879999,187.2740003,487.2390002
MAC001765,2013,1,125.135,73.95,120.297,257.94100000000003,577.323
MAC001765,2013,2,160.5310001,101.64599989999999,173.194,310.6550001,746.0260001
MAC001765,2013,3,141.134,108.5670001,145.288,315.6360002,710.6250003
MAC001765,2013,4,108.978,87.2040001,95.6970001,199.00499979999995,490.88399999999996
MAC001765,2013,5,105.733,70.5880002,82.1189999,126.51699999999998,384.95700009999996
MAC001765,2013,6,90.584,64.38,71.572,134.18000019999997,360.71600019999994
MAC001765,2013,7,82.723,67.9090001,78.8640001,136.2210001,365.7170003
MAC001765,2013,8,80.003,64.5410001,75.8539999,146.526,366.924
MAC001765,2013,9,123.2809999,74.7890001,99.6720001,146.797,444.5390001
MAC001765,2013,10,88.998,80.3699999,85.1480001,147.28799999999998,401.804
MAC001765,2013,11,86.35,65.405,95.216,154.61100009999998,401.5820001
MAC001765,2013,12,82.00999999999999,63.2409999,77.452,136.485,359.18799989999997
MAC001765,2014,1,83.685,66.2619999,87.1680001,142.70999999999998,379.825
MAC001765,2014,2,73.73299999999999,59.4619999,71.31400000000001,129.1140002,333.6230001
MAC001779,2012,6,36.559,27.572,31.067,52.596,147.79399999999998
MAC001779,2012,7,59.978,41.457,47.907999999999994,84.338,233.68099999999998
MAC001779,2012,8,67.67,46.967,52.428999999999995,80.718,247.784
MAC001779,2012,9,61.092,41.376,55.569,78.261,236.298
MAC001779,2012,10,58.419000000000004,45.878,72.227,81.42999999999999,257.954
MAC001779,2012,11,58.905,44.053,76.491,75.42200000000001,254.871
MAC001779,2012,12,70.177,47.952999999999996,83.631,81.88799999999998,283.649
MAC001779,2013,1,72.7969999,43.253,78.77799999999999,77.40899999999999,272.2369999
MAC001779,2013,2,61.617,40.586999999999996,68.18599999999999,69.632,240.022
MAC001779,2013,3,67.565,45.513999999999996,74.292,85.8,273.171
MAC001779,2013,4,66.053,43.073,56.608,74.799,240.533
MAC001779,2013,5,47.921,31.369999999999997,41.013,59.27100000000001,179.575
MAC001779,2013,6,36.678,25.245999999999995,29.15,38.762,129.83599999999998
MAC001779,2013,7,39.595,27.008999999999997,32.54,46.905,146.04899999999998
MAC001779,2013,8,48.073,30.709999999999997,36.021,52.38699999999999,167.191
MAC001779,2013,9,38.721999999999994,25.876999999999995,33.102999999999994,41.371,139.073
MAC001779,2013,10,38.275999999999996,24.031999999999996,42.134,44.69199999999999,149.134
MAC001779,2013,11,37.391,24.199999999999996,54.287,46.27299999999999,162.15099999999998
MAC001779,2013,12,51.675,35.004999999999995,69.432,59.384000000000015,215.496
MAC001779,2014,1,41.479,25.724999999999998,58.696999999999996,47.424,173.325
MAC001779,2014,2,42.144,26.121,57.576,45.224000000000004,171.065
MAC001837,2012,6,38.92,18.587,34.72,47.52899999999999,139.75599999999997
MAC001837,2012,7,59.599000000000004,27.669999999999998,41.409,61.95899989999998,190.63699989999998
MAC001837,2012,8,42.641,17.774999999999995,34.827,58.352,153.595
MAC001837,2012,9,49.586999999999996,15.858999999999996,59.5559999,62.65899999999999,187.66099989999998
MAC001837,2012,10,53.771,21.080999999999996,53.822,80.5320002,209.20600019999998
MAC001837,2012,11,69.073,36.434,71.6389999,93.7829999,270.9289998
MAC001837,2012,12,81.7479999,44.079,93.7,116.094,335.6209999
MAC001837,2013,1,66.364,63.8700001,89.69699969999999,135.0120001,354.9429999
MAC001837,2013,2,62.4330001,39.6630001,73.4510001,108.458,284.0050003
MAC001837,2013,3,43.964999999999996,37.95799999999999,62.137,90.314,234.37399999999997
MAC001837,2013,4,68.05499999999999,28.074999999999996,60.6099999,62.715,219.4549999
MAC001837,2013,5,78.313,28.057999999999996,70.269,73.18399999999998,249.82399999999998
MAC001837,2013,6,57.196,21.937999999999995,55.9889999,73.934,209.0569999
MAC001837,2013,7,52.043,22.720999999999997,40.801,66.304,181.869
MAC001837,2013,8,66.3930001,19.363000099999997,58.838,75.77899989999999,220.37300009999998
MAC001837,2013,9,63.538,26.187999999999995,70.1419999,55.322999900000006,215.1909998
MAC001837,2013,10,71.216,24.208999999999996,81.9259999,71.27499999999999,248.62599989999998
MAC001837,2013,11,65.05199999999999,21.416999999999998,84.9780001,95.85699999999999,267.3040001
MAC001837,2013,12,88.64399999999999,36.577999999999996,95.9070001,113.25999989999998,334.38899999999995
MAC001837,2014,1,57.169999999999995,35.128,88.476,119.7340001,300.5080001
MAC001837,2014,2,60.7510001,28.517999999999997,75.5610001,104.4549996,269.2849998
MAC001880,2012,6,34.501,27.459,36.476,34.035000000000004,132.471
MAC001880,2012,7,60.302,41.22,56.777999799999996,53.971999999999994,212.2719998
MAC001880,2012,8,60.869,45.794,62.289,57.991000000000014,226.943
MAC001880,2012,9,55.58,37.635,61.9170001,53.022000000000006,208.1540001
MAC001880,2012,10,57.413,43.302,64.1249999,52.711999999999996,217.5519999
MAC001880,2012,11,53.987,45.312,63.5519999,57.01600000000001,219.8669999
MAC001880,2012,12,63.897,59.226,75.394,66.75500000000001,265.272
MAC001880,2013,1,58.884,44.327,73.6880001,67.00500000000001,243.9040001
MAC001880,2013,2,45.821,40.671,59.187,56.684,202.363
MAC001880,2013,3,52.625,48.657,59.183,59.577,220.042
MAC001880,2013,4,56.437999999999995,38.421,52.245999999999995,50.448000000000015,197.553
MAC001880,2013,5,51.91799999999999,40.995999999999995,53.808,49.458999999999996,196.18099999999998
MAC001880,2013,6,48.425999999999995,41.632999999999996,55.406,47.205,192.67
MAC001880,2013,7,52.70099999999999,36.07,62.004999999999995,49.809999999999995,200.58599999999998
MAC001880,2013,8,57.93599999999999,39.756,72.651,54.483000000000004,224.826
MAC001880,2013,9,53.024,39.425,67.729,48.729,208.90699999999998
MAC001880,2013,10,52.992,40.995,71.66799999999999,53.12799999999999,218.783
MAC001880,2013,11,48.223,40.806999999999995,74.2490001,61.15299999999999,224.43200009999998
MAC001880,2013,12,58.001,49.25599999999999,82.488,69.72099999999999,259.466
MAC001880,2014,1,50.038,42.951,80.832,63.248,237.069
MAC001880,2014,2,41.337999999999994,34.907999999999994,62.326,53.175000000000004,191.747
MAC001910,2012,6,108.9620002,83.07400009999999,129.046,107.8820001,428.96400040000003
MAC001910,2012,7,172.1380001,141.073,243.50499910000002,196.8349998,753.5509989999999
MAC001910,2012,8,170.14399999999998,152.4459998,230.5160004,214.42300000000003,767.5290002
MAC001910,2012,9,174.2889996,116.7590005,248.7330013,193.10100020000004,732.8820016
MAC001910,2012,10,197.33599999999998,108.1579998,275.2380004,214.7520002,795.4840004
MAC001910,2012,11,157.1840003,89.648,262.2949999,195.14800009999996,704.2750003
MAC001910,2012,12,139.0769998,69.1960002,162.1630001,127.27399979999997,497.70999989999996
MAC001910,2013,1,1.829,7.5100001,0.1369999999999999,0.0,9.4760001
MAC001952,2012,6,12.906999999999998,4.419999999999999,8.032,10.210999999999991,35.56999999999999
MAC001952,2012,7,30.197,13.590999999999998,24.977999999999998,23.298999999999992,92.065
MAC001952,2012,8,30.464999999999996,14.065999999999997,22.092,24.481999999999985,91.10499999999999
MAC001952,2012,9,31.304999999999996,11.681999999999997,20.508999999999997,24.26599999999999,87.76199999999999
MAC001952,2012,10,34.884,14.103999999999997,24.863999999999997,25.920999999999992,99.77299999999998
MAC001952,2012,11,36.032,13.959999999999997,29.45,29.020999999999997,108.463
MAC001952,2012,12,28.766,13.312999999999999,16.614999999999995,21.255000000000003,79.949
MAC001952,2013,1,30.702999999999996,18.380999999999997,21.816999999999997,27.250000000000004,98.151
MAC001952,2013,2,33.086,16.090999999999998,30.363,27.959999999999997,107.5
MAC001952,2013,3,36.702,16.354999999999997,32.739,34.03,119.826
MAC001952,2013,4,33.422,17.529999999999998,32.135999999999996,30.483000000000004,113.571
MAC001952,2013,5,33.928,17.545999999999996,28.404999999999998,33.141000000000005,113.02
MAC001952,2013,6,33.449999999999996,15.436999999999994,25.773999999999997,35.241,109.90199999999999
MAC001952,2013,7,37.23099999999999,20.069999999999993,27.595999999999997,42.317,127.21399999999998
MAC001952,2013,8,38.337999999999994,13.826999999999998,21.836999999999996,33.303999999999995,107.306
MAC001952,2013,9,31.140999999999995,13.515999999999996,22.780999999999995,26.864999999999988,94.30299999999998
MAC001952,2013,10,29.825999999999997,14.246999999999998,21.928999999999995,26.962999999999994,92.96499999999999
MAC001952,2013,11,30.505999999999997,15.892999999999997,25.076999999999998,29.882999999999996,101.359
MAC001952,2013,12,46.355,15.330999999999998,24.072999999999997,33.485,119.244
MAC001952,2014,1,33.98799999999999,17.563999999999997,20.778,33.15699999999999,105.48699999999998
MAC001952,2014,2,34.952999999999996,18.223999999999997,23.894999999999996,32.276999999999994,109.34899999999999
MAC002011,2012,6,4.914999999999999,2.1559999999999997,3.1309999999999985,5.736000000000002,15.938
MAC002011,2012,7,10.270999999999999,5.9369999999999985,6.4289999999999985,13.545000000000003,36.182
MAC002011,2012,8,9.766999999999998,4.913999999999999,8.989999999999998,13.152000000000003,36.823
MAC002011,2012,9,8.097,4.364999999999999,7.165999999999998,11.066999999999998,30.694999999999997
MAC002011,2012,10,9.936999999999998,4.812999999999998,9.660999999999998,11.144,35.55499999999999
MAC002011,2012,11,8.536999999999999,3.9659999999999993,6.775999999999998,11.338000000000001,30.617
MAC002011,2012,12,9.933999999999997,5.058999999999998,9.059999999999999,11.946,35.998999999999995
MAC002011,2013,1,7.765999999999998,4.934999999999999,8.308999999999997,11.721000000000002,32.731
MAC002011,2013,2,7.048999999999998,5.010999999999999,8.598999999999998,9.848000000000003,30.506999999999998
MAC002011,2013,3,8.246999999999998,4.972999999999999,6.8889999999999985,11.378000000000002,31.487
MAC002011,2013,4,8.302999999999997,5.960999999999999,7.0189999999999975,12.211000000000004,33.494
MAC002011,2013,5,8.801999999999998,4.340999999999999,6.583999999999997,14.227000000000006,33.954
MAC002011,2013,6,8.546999999999999,4.622,7.454999999999998,12.152000000000003,32.776
MAC002011,2013,7,11.826000000000002,7.136999999999999,11.054999999999998,17.381,47.399
MAC002011,2013,8,11.238,6.404999999999999,10.024999999999999,15.566000000000003,43.234
MAC002011,2013,9,6.7989999999999995,3.9109999999999996,7.909999999999999,9.450000000000003,28.07
MAC002011,2013,10,7.685999999999991,4.525999999999992,11.796999999999995,12.39599999999999,36.40499999999997
MAC002011,2013,11,6.7179999999999955,4.283999999999997,7.374999999999998,13.860000000000001,32.236999999999995
MAC002011,2013,12,5.501999999999995,2.6199999999999983,9.178999999999998,8.580000000000004,25.880999999999997
MAC002011,2014,1,5.308999999999996,3.7159999999999975,6.554999999999996,9.482,25.06199999999999
MAC002011,2014,2,5.175999999999996,2.752999999999998,7.9179999999999975,9.334000000000001,25.180999999999994
MAC002040,2012,6,16.615,11.317,15.937,24.897000000000002,68.766
MAC002040,2012,7,21.897999999999996,17.703999999999997,20.173,33.644999999999996,93.41999999999999
MAC002040,2012,8,2.179999999999997,1.3509999999999984,1.350999999999999,3.241000000000002,8.123
MAC002040,2012,9,27.729999999999997,18.018,29.237,37.866,112.851
MAC002040,2012,10,38.126,31.038999999999998,43.5139998,58.08,170.7589998
MAC002040,2012,11,35.522,30.712,43.836,56.120999999999995,166.191
MAC002040,2012,12,23.999,21.883999999999997,29.398,37.87799999999999,113.15899999999999
MAC002040,2013,1,6.875999999999998,4.876999999999997,6.919999999999998,11.844999999999999,30.517999999999997
MAC002040,2013,2,20.141,23.381999999999998,30.505999999999997,37.36899999999999,111.398
MAC002040,2013,3,18.104999999999997,16.234999999999996,21.833,32.332999999999984,88.50599999999997
MAC002040,2013,4,11.766999999999998,12.294999999999998,12.118,16.926999999999996,53.10699999999999
MAC002040,2013,5,14.243999999999998,15.818,19.609999999999996,21.038999999999998,70.711
MAC002040,2013,6,11.849999999999998,12.269999999999998,13.211999999999998,19.317999999999994,56.64999999999999
MAC002040,2013,7,30.804,22.072,27.038999999999998,46.63699999999999,126.55199999999999
MAC002040,2013,8,3.4179999999999975,2.12,2.1100000000000003,5.0460000000000065,12.694000000000006
MAC002040,2013,9,18.266,12.607999999999999,19.329,27.872999999999994,78.076
MAC002040,2013,10,36.275,29.407999999999998,36.5,53.081999999999994,155.265
MAC002040,2013,11,15.912999999999991,8.710999999999995,21.788999999999994,24.580999999999978,70.99399999999996
MAC002040,2013,12,14.290999999999991,13.630999999999995,22.517999999999997,26.575999999999983,77.01599999999996
MAC002040,2014,1,6.374999999999994,3.460999999999995,7.468999999999996,14.68099999999999,31.98599999999998
MAC002040,2014,2,18.27999999999999,18.249999999999996,33.355999999999995,30.434999999999977,100.32099999999996
MAC002057,2012,6,18.485,10.445999999999998,11.982999999999999,29.7,70.614
MAC002057,2012,7,45.277,35.174,42.861,77.444,200.756
MAC002057,2012,8,55.741,38.089999999999996,47.542,94.909,236.282
MAC002057,2012,9,61.937,34.3320001,41.736,64.084,202.0890001
MAC002057,2012,10,60.96,31.587999999999997,42.864,101.747,237.159
MAC002057,2012,11,69.431,37.183,46.838,94.19500000000001,247.647
MAC002057,2012,12,72.314,37.345,43.263,80.951,233.873
MAC002057,2013,1,76.42399999999999,45.82,48.321999999999996,84.773,255.33899999999997
MAC002057,2013,2,67.32,38.044,49.277,83.14300000000001,237.784
MAC002057,2013,3,57.007999999999996,40.361999999999995,43.337999999999994,93.872,234.57999999999998
MAC002057,2013,4,52.399,33.854,40.675,71.42199999999998,198.34999999999997
MAC002057,2013,5,51.288,29.827999999999996,35.696999999999996,68.93299999999999,185.74599999999998
MAC002057,2013,6,43.681999999999995,32.82,33.632999999999996,63.68900000000001,173.824
MAC002057,2013,7,50.22,31.727999999999998,37.848,79.72399999999999,199.51999999999998
MAC002057,2013,8,48.925999999999995,28.537999999999997,32.278,65.544,175.286
MAC002057,2013,9,48.936,41.8179999,46.713,62.948,200.4149999
MAC002057,2013,10,43.48199999999999,27.476999999999997,33.903999999999996,55.26599999999999,160.129
MAC002057,2013,11,35.345,32.611,35.681999999999995,59.868,163.506
MAC002057,2013,12,40.374,50.239,54.101,88.27,232.98399999999998
MAC002057,2014,1,38.043,43.954,44.107,81.821,207.92499999999998
MAC002057,2014,2,40.244,26.842,30.44,53.099000000000004,150.625
MAC002067,2012,6,16.003,10.370999999999999,17.599,19.905000000000005,63.878
MAC002067,2012,7,46.071,27.540999999999997,48.4,53.581999999999994,175.594
MAC002067,2012,8,41.352999999999994,25.325999999999997,45.308,53.04400000000001,165.031
MAC002067,2012,9,45.98,23.781,48.098,50.89399999999999,168.753
MAC002067,2012,10,48.644,26.352999899999997,52.785,49.87999999999999,177.66199989999998
MAC002067,2012,11,43.089999999999996,22.052,52.8199999,55.745999999999995,173.70799989999998
MAC002067,2012,12,41.116,28.191999999999997,51.689,56.621,177.618
MAC002067,2013,1,36.946,24.56,55.052,53.843999999999994,170.402
MAC002067,2013,2,33.226,16.929999999999996,42.05,43.658,135.86399999999998
MAC002067,2013,3,31.108999999999998,17.397999999999996,33.458,43.605000000000004,125.57000000000001
MAC002067,2013,4,31.716999999999995,16.561999999999998,43.5669999,39.27299999999999,131.11899989999998
MAC002067,2013,5,33.457,20.750999999999998,39.829,41.843,135.88
MAC002067,2013,6,33.645999999999994,21.389999999999997,31.884999999999998,38.968,125.889
MAC002067,2013,7,36.516,24.349999999999998,36.315999999999995,46.807,143.989
MAC002067,2013,8,33.334,22.041999999999998,37.391999999999996,43.165000000000006,135.933
MAC002067,2013,9,29.812999999999995,19.532999999999998,35.912,41.02700000000001,126.285
MAC002067,2013,10,30.886,18.429,33.866,39.41,122.591
MAC002067,2013,11,30.629999999999995,16.822999999999997,40.76,40.688,128.90099999999998
MAC002067,2013,12,28.055999999999997,19.968999999999998,37.038999999999994,40.488,125.55199999999999
MAC002067,2014,1,25.976999999999997,16.817999999999998,34.004,36.062000000000005,112.86099999999999
MAC002067,2014,2,25.616999999999994,13.335999999999995,36.0000001,34.189,109.14200009999999
MAC002069,2012,6,39.1560001,15.834,15.338999999999999,18.204999999999995,88.53400009999999
MAC002069,2012,7,85.6499998,45.53,51.9209999,59.10499999999998,242.20599969999998
MAC002069,2012,8,49.073,32.231,45.096,48.425,174.825
MAC002069,2012,9,69.377,29.279999999999998,39.372,45.426,183.45499999999998
MAC002069,2012,10,87.9589999,43.7299998,48.181,44.711999999999996,224.58199969999998
MAC002069,2012,11,81.5990001,34.837999999999994,64.556,50.855,231.84800009999998
MAC002069,2012,12,70.5360001,59.3109999,59.120999999999995,65.53199999999998,254.49999999999997
MAC002069,2013,1,59.656,42.435,44.918,40.56599999999999,187.575
MAC002069,2013,2,64.2890002,34.458999999999996,48.653,53.476,200.8770002
MAC002069,2013,3,81.1499997,43.230999999999995,50.333999999999996,45.324999999999996,220.03999969999998
MAC002069,2013,4,83.6289998,43.0219999,42.688,50.181,219.5199997
MAC002069,2013,5,86.603,43.2650001,37.683999899999996,34.12099999999999,201.67299999999997
MAC002069,2013,6,80.176,35.693,42.659999899999995,44.44499989999999,202.97399979999997
MAC002069,2013,7,84.048,43.381,63.5929999,70.91499999999999,261.9369999
MAC002069,2013,8,71.473,35.2200001,40.948,72.97099999999999,220.6120001
MAC002069,2013,9,61.695000099999994,26.391000099999996,36.858999999999995,35.93899999999999,160.88400019999997
MAC002069,2013,10,94.3740002,36.826,63.2990001,35.368999999999986,229.86800029999998
MAC002069,2013,11,111.1119997,51.115,82.746,73.9739999,318.9469996
MAC002069,2013,12,92.7530002,65.4420001,84.4069999,96.00999999999996,338.61200019999995
MAC002069,2014,1,95.1369997,76.4090001,91.302,96.1260001,358.97399989999997
MAC002069,2014,2,95.7369997,60.5079998,66.9239999,79.1610003,302.3299997
MAC002108,2012,6,33.204,16.113,18.187,27.252000000000002,94.756
MAC002108,2012,7,79.8320001,36.513999999999996,48.647,56.60600000000001,221.5990001
MAC002108,2012,8,65.723,21.912999999999997,38.82599999999999,56.795,183.257
MAC002108,2012,9,81.42899999999999,45.982,41.906,66.45600000000002,235.773
MAC002108,2012,10,97.7160001,49.166,43.577999999999996,60.80000010000001,251.2600002
MAC002108,2012,11,85.53399999999999,39.995,57.107,56.396000000000015,239.032
MAC002108,2012,12,95.028,45.748,57.991,57.016,255.783
MAC002108,2013,1,88.35099989999999,54.15,60.763999999999996,61.967999999999996,265.2329999
MAC002108,2013,2,78.321,40.485,48.275,52.080999999999996,219.16199999999998
MAC002108,2013,3,97.7470001,44.815999999999995,60.331,63.162,266.0560001
MAC002108,2013,4,83.665,31.201999999999998,45.028,55.97,215.865
MAC002108,2013,5,84.71,40.9,43.509,74.372,243.49099999999999
MAC002108,2013,6,85.253,40.564,35.879,70.97999999999999,232.676
MAC002108,2013,7,70.006,34.159,33.13699999999999,61.236000000000004,198.53799999999998
MAC002108,2013,8,67.768,33.64,39.677,59.782999999999994,200.868
MAC002108,2013,9,66.229,33.876,42.393,70.778,213.27599999999998
MAC002108,2013,10,84.473,32.989999999999995,53.92,68.005,239.38799999999998
MAC002108,2013,11,92.83699999999999,44.211999999999996,65.519,67.51400000000002,270.082
MAC002108,2013,12,87.232,39.905,58.006,65.99300000000001,251.136
MAC002108,2014,1,87.178,35.879,57.19,63.102999999999994,243.35
MAC002108,2014,2,86.7009999,35.367,45.126999999999995,50.29899999999999,217.49399989999998
MAC002118,2012,6,5.696999999999998,4.040999999999999,4.900999999999999,7.816,22.455
MAC002118,2012,7,10.648999999999996,7.186999999999995,12.046999999999997,20.217999999999996,50.100999999999985
MAC002118,2012,8,14.537999999999993,10.476999999999993,17.994999999999997,27.070999999999994,70.08099999999999
MAC002118,2012,9,11.748999999999993,8.598999999999995,14.283999999999997,21.219999999999988,55.851999999999975
MAC002118,2012,10,9.173999999999996,7.7769999999999975,12.724999999999998,18.34599999999999,48.021999999999984
MAC002118,2012,11,12.658999999999995,7.872999999999996,13.121999999999996,20.424999999999986,54.07899999999997
MAC002118,2012,12,10.577999999999987,7.242999999999991,12.274999999999993,19.856999999999985,49.95299999999996
MAC002118,2013,1,10.705999999999998,7.1949999999999985,13.829999999999998,21.277000000000005,53.008
MAC002118,2013,2,8.370999999999999,5.611999999999998,10.284999999999998,17.264,41.532
MAC002118,2013,3,9.729999999999993,6.539999999999996,12.026999999999996,19.482999999999997,47.77999999999998
MAC002118,2013,4,8.636999999999988,6.616999999999995,11.567999999999996,18.14999999999999,44.97199999999997
MAC002118,2013,5,8.044999999999995,5.687999999999996,9.457999999999997,15.945999999999986,39.13699999999997
MAC002118,2013,6,8.788999999999994,6.094999999999996,10.869999999999997,18.14999999999999,43.90399999999998
MAC002118,2013,7,13.168999999999997,8.561999999999998,13.008999999999997,25.461,60.20099999999999
MAC002118,2013,8,11.193999999999996,7.196999999999997,11.597999999999997,21.06599999999999,51.05499999999998
MAC002118,2013,9,12.417999999999992,7.718999999999994,12.915999999999997,19.13499999999999,52.187999999999974
MAC002118,2013,10,9.546999999999995,6.630999999999995,10.733999999999996,17.55599999999999,44.467999999999975
MAC002118,2013,11,9.398999999999997,6.315999999999997,9.888999999999998,16.523,42.126999999999995
MAC002118,2013,12,10.017999999999995,7.625999999999996,12.728999999999996,19.659,50.03199999999999
MAC002118,2014,1,8.469999999999997,5.6389999999999985,13.136999999999999,18.605,45.851
MAC002118,2014,2,6.989999999999998,4.249999999999998,9.181999999999999,16.479000000000003,36.900999999999996
MAC002119,2012,6,46.897999999999996,36.944,46.754,90.142,220.738
MAC002119,2012,7,130.1850001,108.7810001,136.89600000000002,252.00999990000003,627.8720001
MAC002119,2012,8,132.8090001,117.6269999,135.00900000000001,246.73699999999997,632.182
MAC002119,2012,9,124.05,108.7269999,138.8720001,257.803,629.452
MAC002119,2012,10,106.3019999,86.2449999,137.7689997,234.9069999,565.2229994
MAC002119,2012,11,117.83,109.4929999,157.9319997,286.52,671.7749996
MAC002119,2012,12,147.8290002,145.978,180.97600020000002,320.6610003,795.4440007000001
MAC002119,2013,1,143.23,119.818,166.6390001,323.34299990000005,753.0300000000001
MAC002119,2013,2,128.936,113.546,126.6340001,255.98000000000002,625.0960001000001
MAC002119,2013,3,137.3369999,111.8860002,137.9540002,280.53899970000003,667.716
MAC002119,2013,4,139.34199999999998,108.4690001,125.2169999,268.97499990000006,642.0029999000001
MAC002119,2013,5,125.893,93.785,111.33000009999999,238.78700000000006,569.7950001
MAC002119,2013,6,128.768,107.824,113.945,220.311,570.8480000000001
MAC002119,2013,7,146.1649998,99.926,126.9940001,260.12899999999996,633.2139999
MAC002119,2013,8,143.3530001,112.9180001,128.2740001,242.93499989999998,627.4800002
MAC002119,2013,9,134.32399999999998,103.9400002,130.277,244.7709998,613.312
MAC002119,2013,10,147.892,109.767,142.34799999999998,267.1299999,667.1369999
MAC002119,2013,11,140.262,104.59499980000001,144.696,272.07500020000003,661.628
MAC002119,2013,12,162.60999999999999,129.4179998,164.275,272.1650002,728.468
MAC002119,2014,1,132.026,130.9299997,161.012,293.4819997,717.4499994
MAC002119,2014,2,107.221,84.3470001,112.8349998,232.88799989999998,537.2909998
MAC002126,2012,6,8.681,4.8439999999999985,7.1579999999999995,14.328,35.010999999999996
MAC002126,2012,7,34.971999999999994,19.656999999999996,31.15,56.961,142.73999999999998
MAC002126,2012,8,31.540999999999997,20.932999999999996,25.616999999999997,51.133,129.224
MAC002126,2012,9,28.607999999999997,17.680999999999997,27.592999999999996,47.78999999999999,121.67199999999998
MAC002126,2012,10,33.394999999999996,20.898999999999997,38.848,52.25299999999999,145.39499999999998
MAC002126,2012,11,30.265999999999995,23.542999999999996,41.184999999999995,58.565,153.559
MAC002126,2012,12,59.06999999999999,30.881999999999998,52.253,72.843,215.048
MAC002126,2013,1,53.251,30.926999999999996,49.976,67.92500000000001,202.07899999999998
MAC002126,2013,2,33.006,22.479999999999997,32.123999999999995,48.426,136.036
MAC002126,2013,3,30.387999999999998,24.882999999999996,31.785999999999998,52.629,139.686
MAC002126,2013,4,28.717,21.028,24.421999999999997,41.239999999999995,115.407
MAC002126,2013,5,53.771,27.775,35.525999999999996,61.83300000000001,178.905
MAC002126,2013,6,49.059999999999995,27.81,35.574999999999996,64.647,177.092
MAC002126,2013,7,47.918,29.839999999999996,34.625,68.68100000000003,181.06400000000002
MAC002126,2013,8,35.836,22.505,30.032999999999998,46.735,135.10899999999998
MAC002126,2013,9,40.193,19.878999999999998,35.94,47.376000000000005,143.388
MAC002126,2013,10,37.89,22.167999999999996,32.866,41.233999999999995,134.158
MAC002126,2013,11,36.830999999999996,22.589,36.992999999999995,47.591,144.004
MAC002126,2013,12,42.022,22.63,44.763999999999996,56.14800000000001,165.564
MAC002126,2014,1,42.404999999999994,23.215999999999998,44.516999999999996,48.977000000000004,159.115
MAC002126,2014,2,36.306,20.555999999999997,35.536,51.82,144.218
MAC002217,2012,6,2.152,0.8459999999999998,0.8449999999999995,2.6500000000000004,6.492999999999999
MAC002217,2012,7,53.172000000000004,16.241,16.962999999999997,48.528,134.904
MAC002217,2012,8,32.609,16.217999999999996,16.227999999999998,40.26999999999998,105.32499999999999
MAC002217,2012,9,68.28999999999999,17.406999999999996,14.776999999999997,39.19999999999998,139.67399999999998
MAC002217,2012,10,58.3220001,15.599999999999996,14.399999999999995,41.953999999999986,130.27600009999998
MAC002217,2012,11,84.0369999,15.256999999999998,14.863999999999997,40.19599999999998,154.35399989999996
MAC002217,2012,12,64.3770001,15.525999999999996,15.951999999999996,51.05299999999999,146.90800009999998
MAC002217,2013,1,77.7,14.828999999999997,20.503999999999998,53.62399999999997,166.65699999999998
MAC002217,2013,2,84.4370003,14.873999999999997,20.937999999999995,67.6,187.8490003
MAC002217,2013,3,101.8150003,17.516,24.856999999999996,57.71299999999999,201.9010003
MAC002217,2013,4,75.6620002,12.418999999999993,15.010999999999997,38.865999999999985,141.95800019999996
MAC002217,2013,5,66.68799999999999,12.450999999999995,16.014999999999997,31.237999999999985,126.39199999999997
MAC002217,2013,6,59.985999899999996,15.438999999999997,17.885000099999996,42.22799999999997,135.53799999999995
MAC002217,2013,7,68.082,16.774999999999995,18.278999999999996,43.542999999999985,146.67899999999997
MAC002217,2013,8,35.336999999999996,16.426999999999996,18.401999999999997,42.62299999999998,112.78899999999997
MAC002217,2013,9,59.2299998,15.677999999999997,17.722999999999995,40.361999999999995,132.99299979999998
MAC002217,2013,10,61.0120004,13.070999999999994,13.198999999999995,38.42299999999998,125.70500039999996
MAC002217,2013,11,52.949999999999996,13.100999999999996,14.376000099999995,40.24099999999998,120.66800009999997
MAC002217,2013,12,51.857999899999996,12.395999999999997,11.997999999999998,32.746999999999986,108.99899989999999
MAC002217,2014,1,86.8090002,22.474,27.434999999999995,86.49299999999997,223.21100019999997
MAC002217,2014,2,90.3469998,30.8919999,20.554,60.1710001,201.96399979999998
MAC002236,2012,4,9.770999999999997,7.347999999999999,9.488999999999999,14.955000000000002,41.563
MAC002236,2012,5,27.791999999999998,19.528,30.979,40.89599999999999,119.19499999999998
MAC002236,2012,6,22.157,17.563999999999997,25.29,36.733999999999995,101.74499999999999
MAC002236,2012,7,18.389999999999997,15.482999999999997,26.248999999999995,36.19499999999999,96.317
MAC002236,2012,8,20.435,15.364999999999998,28.659999999999997,37.48799999999999,101.948
MAC002236,2012,9,25.786,14.449,26.846999999999998,39.553999999999995,106.636
MAC002236,2012,10,29.274,16.771,34.550999999999995,44.78799999999999,125.38399999999999
MAC002236,2012,11,32.616,16.093,28.148999999999997,53.04799999999999,129.90599999999998
MAC002236,2012,12,29.201999999999998,22.134999999999998,31.168999999999997,46.122,128.628
MAC002236,2013,1,29.755,21.045999999999996,35.488,51.259,137.548
MAC002236,2013,2,30.429,17.279999999999998,30.180999999999997,47.79,125.67999999999999
MAC002236,2013,3,31.586000000000002,17.477999999999998,33.924,53.693000000000005,136.681
MAC002236,2013,4,34.9759999,17.843,34.382999999999996,45.01599999999999,132.2179999
MAC002236,2013,5,33.097,17.212999999999997,29.191,45.038999999999994,124.53999999999999
MAC002236,2013,6,27.834,16.31,28.099,45.90699999999999,118.14999999999999
MAC002236,2013,7,30.826999999999998,20.322,29.198999999999998,51.381,131.72899999999998
MAC002236,2013,8,29.892,18.275,29.9,48.18699999999998,126.25399999999999
MAC002236,2013,9,29.977,16.552,34.924,41.123999999999995,122.577
MAC002236,2013,10,32.998,17.112999999999996,36.857,41.3,128.268
MAC002236,2013,11,33.024,18.354,29.754,47.68199999999999,128.814
MAC002236,2013,12,32.418,29.337,32.778999999999996,48.17899999999998,142.713
MAC002236,2014,1,30.732,19.572999999999997,33.867,48.876999999999995,133.049
MAC002236,2014,2,30.58,17.798,35.802,43.59699999999999,127.77699999999999
MAC002292,2012,4,4.06,3.1299999999999994,2.619999999999999,5.144999999999996,14.954999999999995
MAC002292,2012,5,20.135999999999996,10.824999999999998,13.118999999999998,23.22099999999999,67.30099999999999
MAC002292,2012,6,17.836,10.261999999999997,14.802999999999997,22.516999999999996,65.41799999999999
MAC002292,2012,7,19.151999999999997,12.628999999999998,13.199999999999996,23.769999999999992,68.75099999999999
MAC002292,2012,8,23.131999999999998,12.594999999999997,17.491999999999997,26.696999999999985,79.91599999999998
MAC002292,2012,9,19.039999999999996,9.512999999999996,15.401999999999997,21.150999999999986,65.10599999999998
MAC002292,2012,10,18.537999999999997,10.481999999999998,16.186,22.547999999999988,67.75399999999999
MAC002292,2012,11,14.831999999999995,11.089999999999998,12.727999999999998,23.732999999999993,62.382999999999996
MAC002292,2012,12,16.004999999999995,10.350999999999997,9.514999999999997,22.653999999999993,58.524999999999984
MAC002292,2013,1,17.529999999999994,11.182999999999998,12.133999999999999,24.218999999999987,65.06599999999997
MAC002292,2013,2,13.599999999999998,11.376999999999999,8.500999999999998,24.548999999999996,58.02699999999999
MAC002292,2013,3,16.22,11.329999999999998,9.778999999999996,24.161999999999992,61.490999999999985
MAC002292,2013,4,17.368,10.457999999999997,12.557999999999998,21.679999999999993,62.06399999999999
MAC002292,2013,5,18.976999999999997,9.902999999999999,8.007999999999997,20.852999999999987,57.740999999999985
MAC002292,2013,6,16.340999999999998,10.142,12.738999999999999,22.072999999999997,61.294999999999995
MAC002292,2013,7,19.227999999999998,11.040999999999997,14.178999999999997,26.328999999999994,70.77699999999999
MAC002292,2013,8,21.244999999999997,14.195999999999998,16.058999999999997,28.557999999999993,80.05799999999999
MAC002292,2013,9,16.319999999999997,11.525999999999996,16.799,24.00099999999999,68.64599999999999
MAC002292,2013,10,15.803999999999997,10.979999999999999,16.229999999999997,22.73799999999999,65.75199999999998
MAC002292,2013,11,14.365999999999998,9.455999999999998,11.364999999999997,20.767999999999994,55.95499999999999
MAC002292,2013,12,15.096999999999996,10.229999999999997,17.755999999999997,23.932999999999996,67.01599999999999
MAC002292,2014,1,15.854999999999995,16.206,21.706999999999997,29.298999999999996,83.067
MAC002292,2014,2,14.788999999999998,12.823999999999998,17.162999999999997,26.074999999999996,70.85099999999998
MAC002318,2012,4,8.713,6.122,5.619999999999999,8.506999999999998,28.961999999999996
MAC002318,2012,5,28.317,17.941,24.118,45.967999999999996,116.344
MAC002318,2012,6,31.145999999999997,22.436999999999998,25.947999999999997,45.73199999999999,125.26299999999999
MAC002318,2012,7,37.6409999,24.858,30.461999999999996,47.099,140.05999989999998
MAC002318,2012,8,25.133,19.156,25.755,49.727000000000004,119.771
MAC002318,2012,9,30.988999999999997,20.526999999999997,28.142,40.269999999999996,119.928
MAC002318,2012,10,33.421,23.939999999999998,37.802,48.355999999999995,143.519
MAC002318,2012,11,34.949,30.115,42.065,69.815,176.944
MAC002318,2012,12,36.961999999999996,31.557999999999996,48.431999999999995,72.815,189.767
MAC002318,2013,1,34.294999999999995,31.156999999999996,48.153999999999996,68.86800000000001,182.47400000000002
MAC002318,2013,2,27.107999999999997,25.376999999999995,44.054,59.14499999999999,155.68399999999997
MAC002318,2013,3,35.044,30.486999999999995,42.675,64.602,172.808
MAC002318,2013,4,32.411,23.288999999999998,32.94,51.291,139.93099999999998
MAC002318,2013,5,37.309,22.605999999999998,28.703999999999997,46.287,134.906
MAC002318,2013,6,32.259,20.858999999999998,27.032999999999998,45.086,125.237
MAC002318,2013,7,33.922,21.609999999999996,24.731999999999996,47.30900000000001,127.573
MAC002318,2013,8,27.913999999999998,19.913,27.348,52.354,127.529
MAC002318,2013,9,33.009,21.47,33.821999999999996,52.383,140.684
MAC002318,2013,10,30.590999999999998,26.081999999999997,42.552,57.559000000000005,156.784
MAC002318,2013,11,31.421999999999997,27.894,53.428999999999995,70.506,183.25099999999998
MAC002318,2013,12,36.815,34.842,52.519,78.60900000000001,202.785
MAC002318,2014,1,34.105999999999995,30.631999999999998,47.032,70.44500000000001,182.215
MAC002318,2014,2,29.576999999999998,28.499,41.294,60.533,159.903
